50
  1   2            7
  1   3            7
  1   4            6
  1   5           10
  1   7            6
  1   8            3
  1   9            2
  1  10            2
  1  11            6
  1  12            5
  1  14            6
  1  15            7
  1  16            6
  1  17            2
  1  18            7
  1  19           10
  1  20           10
  1  21            1
  1  23            6
  1  24            3
  1  25            7
  1  26            6
  1  28            5
  1  29            6
  1  31            4
  1  32            5
  1  33            1
  1  36            9
  1  37           10
  1  38            9
  1  40            5
  1  41            5
  1  42            8
  1  43            4
  1  44            2
  1  45            8
  1  47            2
  1  48            3
  1  49           10
  1  50            1
  2   3            8
  2   4            9
  2   5           10
  2   6            4
  2   7            1
  2   8            3
  2   9            3
  2  10            8
  2  11            7
  2  12            5
  2  14            1
  2  15           10
  2  16           10
  2  17            4
  2  18            2
  2  19            3
  2  20            2
  2  21            9
  2  22            3
  2  23            8
  2  25            1
  2  26            3
  2  27            3
  2  29            8
  2  30            8
  2  31            9
  2  33            8
  2  37            6
  2  38            3
  2  39            3
  2  40            2
  2  41            6
  2  42            9
  2  43            6
  2  44            1
  2  45            3
  2  46            8
  2  48            2
  2  50            8
  3   4            8
  3   5            5
  3   6            1
  3   7            7
  3   8            7
  3   9            2
  3  10            5
  3  13            2
  3  14            6
  3  15            9
  3  17            9
  3  19            6
  3  20            2
  3  21            4
  3  22            9
  3  23           10
  3  24            4
  3  25            1
  3  26            9
  3  27            8
  3  28            3
  3  29            5
  3  30           10
  3  31            5
  3  32            3
  3  34            5
  3  35            7
  3  36            6
  3  37            7
  3  39            5
  3  40            2
  3  43            4
  3  44            8
  3  46            9
  3  47            3
  3  49           10
  4   5            3
  4   6           10
  4   7            5
  4   8            1
  4  10           10
  4  11            1
  4  12            5
  4  13            3
  4  14            1
  4  15            3
  4  16            4
  4  17           10
  4  18            9
  4  19            1
  4  20           10
  4  23            4
  4  24            3
  4  25           10
  4  26            5
  4  27            8
  4  29            2
  4  30            6
  4  31            9
  4  35            8
  4  37            5
  4  39            1
  4  40           10
  4  41           10
  4  42            3
  4  43            5
  4  44            6
  4  45            6
  4  46            9
  4  47            9
  4  48            1
  4  49            1
  4  50            9
  5   6            7
  5   7            5
  5   8            2
  5   9            1
  5  10            1
  5  13            3
  5  15            6
  5  16            6
  5  17            2
  5  18            7
  5  19            5
  5  20            1
  5  22            5
  5  23            2
  5  24            1
  5  25           10
  5  26            3
  5  28           10
  5  29            7
  5  30            4
  5  31            6
  5  32            8
  5  33            1
  5  34            6
  5  35            8
  5  37            9
  5  38            8
  5  40            2
  5  41            7
  5  43            3
  5  49            5
  5  50           10
  6   7            6
  6   8            4
  6   9            7
  6  10            3
  6  11            3
  6  12            8
  6  13            9
  6  14            9
  6  15            3
  6  16            9
  6  17            9
  6  18            6
  6  19            5
  6  21            7
  6  22            2
  6  23            9
  6  24            3
  6  25            2
  6  26            6
  6  27            4
  6  29            6
  6  30            5
  6  31            7
  6  32            1
  6  33            8
  6  34           10
  6  35            4
  6  37            8
  6  41            9
  6  42            2
  6  43            9
  6  45            1
  6  46            1
  6  47            5
  6  48            3
  6  49            1
  6  50            3
  7   8            5
  7   9            1
  7  10            7
  7  11            3
  7  12            3
  7  13            8
  7  14            7
  7  15            1
  7  16            8
  7  17            4
  7  18            4
  7  19            8
  7  20            1
  7  21            9
  7  22            4
  7  23            2
  7  24            7
  7  25            2
  7  26            8
  7  28            3
  7  29            4
  7  30            8
  7  33            3
  7  34            9
  7  35            8
  7  36            6
  7  39            6
  7  40            7
  7  42            8
  7  46            1
  7  47            8
  7  48            9
  7  49            2
  7  50            1
  8   9            4
  8  11            4
  8  12            1
  8  13            3
  8  14            5
  8  16            4
  8  17            4
  8  18            6
  8  19            6
  8  21            5
  8  22            5
  8  23            9
  8  24            7
  8  25            9
  8  27           10
  8  28            8
  8  29           10
  8  30            6
  8  31            4
  8  32            9
  8  34            1
  8  35            9
  8  36           10
  8  37            1
  8  38            7
  8  39           10
  8  41            8
  8  45            2
  8  46           10
  8  47            3
  8  49            2
  9  10           10
  9  11            6
  9  12            2
  9  13            3
  9  14            8
  9  15            1
  9  18            1
  9  19            6
  9  20            7
  9  21            4
  9  22            9
  9  23            8
  9  24            6
  9  25            6
  9  26            5
  9  27            9
  9  28            6
  9  30            2
  9  31            8
  9  32            3
  9  33            1
  9  34           10
  9  35            6
  9  36            8
  9  37            3
  9  38            1
  9  41            3
  9  42            4
  9  43            7
  9  44            4
  9  45           10
  9  46            7
  9  47            4
  9  48            8
  9  49           10
  9  50            3
 10  11            3
 10  12            2
 10  13            7
 10  14            9
 10  16            4
 10  18            9
 10  19            3
 10  20            8
 10  21            3
 10  22           10
 10  23            4
 10  24            2
 10  26           10
 10  27            5
 10  28            2
 10  30            4
 10  31            9
 10  32            4
 10  33            5
 10  34            8
 10  35            9
 10  36            3
 10  37            8
 10  38            9
 10  39            9
 10  40            1
 10  41            2
 10  42            4
 10  43            7
 10  45            1
 10  46            2
 10  47           10
 10  48            5
 10  49            3
 10  50           10
 11  12            1
 11  13            5
 11  14            4
 11  15            2
 11  16            1
 11  17            1
 11  18            1
 11  19            1
 11  20            2
 11  21           10
 11  23            9
 11  24            9
 11  25            1
 11  26            1
 11  27            9
 11  28            3
 11  29            8
 11  31            6
 11  32            5
 11  33            3
 11  34            8
 11  35            2
 11  36            4
 11  37            8
 11  38            7
 11  39           10
 11  40            2
 11  41            6
 11  42           10
 11  43            6
 11  44            6
 11  45            4
 11  46            7
 11  47            4
 11  48            6
 11  49            4
 11  50            9
 12  13            4
 12  14            8
 12  15            8
 12  17            6
 12  18           10
 12  20            6
 12  21            2
 12  22           10
 12  26            1
 12  27            3
 12  28            2
 12  32            4
 12  33           10
 12  34            7
 12  35           10
 12  36            8
 12  37            5
 12  38            6
 12  39            3
 12  40            8
 12  41           10
 12  43            6
 12  45            7
 12  46            4
 12  47            2
 12  48            2
 12  49            9
 12  50           10
 13  14            3
 13  15            6
 13  16            1
 13  18            1
 13  19            9
 13  21            4
 13  22            8
 13  23            1
 13  24            1
 13  25            8
 13  26            5
 13  27            7
 13  28            5
 13  29            3
 13  30            1
 13  31            3
 13  32           10
 13  34            8
 13  35            6
 13  36            7
 13  37            1
 13  38           10
 13  39            1
 13  40            2
 13  41           10
 13  42            9
 13  43            6
 13  44            2
 13  45            9
 13  46            6
 14  15            5
 14  18            5
 14  19            1
 14  21            6
 14  22            4
 14  24            8
 14  25            6
 14  26            6
 14  27            9
 14  28            9
 14  29            7
 14  31            1
 14  32            1
 14  33            1
 14  34            2
 14  35            8
 14  36            5
 14  37            8
 14  39            4
 14  40            3
 14  41            8
 14  42            7
 14  43           10
 14  44            9
 14  45            7
 14  47            8
 14  49           10
 14  50            3
 15  18           10
 15  19            8
 15  20            4
 15  22            4
 15  23            2
 15  24            9
 15  25            8
 15  26            2
 15  28           10
 15  29            3
 15  30           10
 15  31            5
 15  33            4
 15  34            1
 15  35            5
 15  36           10
 15  38            4
 15  39            4
 15  40            6
 15  41            7
 15  42            1
 15  44            2
 15  45            8
 15  47            4
 15  49            2
 15  50            1
 16  18            7
 16  19            2
 16  21            4
 16  22            4
 16  24           10
 16  25            2
 16  26            9
 16  27           10
 16  28            1
 16  29            6
 16  30            5
 16  31            6
 16  33            6
 16  34            7
 16  35            4
 16  36            7
 16  37            4
 16  38            3
 16  39            1
 16  40            2
 16  41            1
 16  42            3
 16  43            4
 16  44            9
 16  50            5
 17  18            4
 17  19            2
 17  21            3
 17  22            9
 17  23            1
 17  25            8
 17  26            8
 17  27            2
 17  28            2
 17  29            6
 17  30            6
 17  31            8
 17  32            1
 17  33            5
 17  34            9
 17  35            1
 17  36           10
 17  38            5
 17  39            7
 17  40            1
 17  42            6
 17  43           10
 17  44            9
 17  45            5
 17  46            4
 17  47            6
 17  48            3
 17  49            5
 17  50            9
 18  20            2
 18  21            9
 18  23            1
 18  24            5
 18  26            4
 18  27            9
 18  29            6
 18  30            3
 18  32           10
 18  33            5
 18  34           10
 18  35            1
 18  36            8
 18  37            6
 18  38            5
 18  39            4
 18  40            7
 18  41            4
 18  42            5
 18  43            8
 18  44            9
 18  45            8
 18  47            1
 18  50            1
 19  20            5
 19  21            2
 19  22            4
 19  23            6
 19  24            5
 19  25            6
 19  26            5
 19  28            3
 19  29            9
 19  30            8
 19  31            9
 19  32            9
 19  33           10
 19  36            6
 19  37            5
 19  38            2
 19  39            9
 19  40            8
 19  43            3
 19  44            5
 19  45            5
 19  46            4
 19  47           10
 20  23            6
 20  24            9
 20  25            9
 20  26            7
 20  27            1
 20  28           10
 20  29            7
 20  30            8
 20  31            1
 20  32            1
 20  33            5
 20  34            3
 20  35            5
 20  37            8
 20  40            1
 20  41            9
 20  42            2
 20  43            1
 20  44            1
 20  45            5
 20  46            4
 20  48            8
 20  49            1
 20  50            4
 21  22            4
 21  23            9
 21  24            3
 21  25            5
 21  26            4
 21  28            8
 21  29            5
 21  30           10
 21  31            5
 21  32            6
 21  33            5
 21  34            7
 21  35            3
 21  36            9
 21  38            5
 21  39            8
 21  40            6
 21  41            2
 21  43            5
 21  44            6
 21  45            8
 21  47            8
 21  48            4
 21  49            8
 21  50            5
 22  23            6
 22  24            5
 22  25            7
 22  26           10
 22  29            2
 22  32            1
 22  33            7
 22  34            7
 22  35            4
 22  36            5
 22  37            5
 22  39            3
 22  41           10
 22  42            9
 22  43            1
 22  45            3
 22  46            7
 22  47            9
 22  48            6
 22  49            1
 22  50           10
 23  24            6
 23  25            2
 23  26           10
 23  27            6
 23  28            3
 23  29            4
 23  30            3
 23  31            1
 23  32            7
 23  34            9
 23  35            8
 23  36            4
 23  38           10
 23  39           10
 23  40            3
 23  41            6
 23  42            9
 23  43            8
 23  44            2
 23  45            1
 23  48            2
 23  50            6
 24  25            1
 24  27            8
 24  30            4
 24  31            1
 24  32            5
 24  33            4
 24  34            7
 24  35           10
 24  36            6
 24  37            7
 24  38            8
 24  39            7
 24  40            2
 24  41            1
 24  42           10
 24  43            2
 24  45            8
 24  46            9
 24  47           10
 24  48            2
 24  49            1
 25  26            5
 25  27            5
 25  28            8
 25  29            2
 25  31            2
 25  32            4
 25  33            2
 25  34            2
 25  35            6
 25  36            6
 25  37            8
 25  38           10
 25  39            6
 25  40            6
 25  41            1
 25  42            4
 25  43            3
 25  44            2
 25  45            9
 25  47            8
 25  48            9
 25  49            2
 25  50            9
 26  27            7
 26  28            2
 26  29           10
 26  30            6
 26  31            7
 26  32            2
 26  33            2
 26  34            4
 26  35            5
 26  36            8
 26  37            6
 26  38            2
 26  39           10
 26  40            2
 26  41            4
 26  43           10
 26  44            3
 26  45            1
 26  48            9
 26  50            1
 27  28            2
 27  29            6
 27  30           10
 27  31            2
 27  33            8
 27  34            9
 27  35            6
 27  36            6
 27  38            4
 27  39            4
 27  40            5
 27  41            1
 27  42            6
 27  43            8
 27  44            9
 27  47            5
 27  48            8
 27  49            8
 27  50            5
 28  29            2
 28  30            5
 28  31            2
 28  32            4
 28  33            4
 28  35            6
 28  36            7
 28  37           10
 28  38            9
 28  39            2
 28  40            1
 28  41            5
 28  42            6
 28  44            4
 28  45            9
 28  46            4
 28  48            5
 28  49            3
 28  50           10
 29  30            8
 29  31           10
 29  32            9
 29  34            3
 29  35            8
 29  37            3
 29  38            4
 29  39            5
 29  40            9
 29  41            8
 29  42            1
 29  43           10
 29  45            4
 29  46            3
 29  48           10
 30  31            8
 30  32            6
 30  33           10
 30  34            5
 30  37            7
 30  38            5
 30  39            1
 30  40            2
 30  41           10
 30  42            8
 30  43            2
 30  44            6
 30  45            6
 30  46            4
 30  47            8
 30  48           10
 30  49           10
 30  50            9
 31  32            7
 31  33            5
 31  34            9
 31  35            8
 31  36            4
 31  37            6
 31  38           10
 31  39            4
 31  40            1
 31  41            6
 31  42            9
 31  43           10
 31  44            5
 31  47            6
 31  48            9
 31  49            4
 32  33           10
 32  34            1
 32  35            9
 32  36            9
 32  38            7
 32  39           10
 32  40            9
 32  41            9
 32  42            7
 32  43            6
 32  44           10
 32  45            9
 32  46            5
 32  47            2
 32  49            7
 32  50            1
 33  34            2
 33  35            3
 33  36            3
 33  37            2
 33  38            1
 33  39            9
 33  41           10
 33  42            7
 33  43            9
 33  44            8
 33  45            6
 33  47            1
 33  48            1
 33  49           10
 33  50            5
 34  35            7
 34  36            2
 34  37            4
 34  38            4
 34  41           10
 34  42            5
 34  43           10
 34  44            2
 34  45            4
 34  46           10
 34  47           10
 34  48            9
 34  49            2
 34  50            7
 35  36            3
 35  38            1
 35  40            3
 35  41            9
 35  43            7
 35  44            2
 35  45            5
 35  46            7
 35  47           10
 35  48            3
 35  49            4
 35  50            9
 36  37            6
 36  38            2
 36  39            8
 36  40            3
 36  41            2
 36  44            5
 36  45            9
 36  46            5
 36  47            8
 36  48            8
 36  49            6
 36  50           10
 37  38            6
 37  39            6
 37  40            5
 37  41            2
 37  43            1
 37  44            2
 37  45            6
 37  46            1
 37  47            3
 37  48            9
 37  49            3
 37  50            2
 38  39            8
 38  40            3
 38  41            6
 38  42            5
 38  43            3
 38  44            1
 38  45           10
 38  46            6
 38  47            7
 38  48            1
 38  49            9
 38  50            7
 39  40           10
 39  41            1
 39  42           10
 39  44            6
 39  45           10
 39  46            4
 39  47            7
 39  48            1
 39  49            3
 39  50            8
 40  41            3
 40  42            5
 40  43            7
 40  44            2
 40  45            5
 40  46            9
 40  47            9
 40  48            9
 40  49            7
 40  50            1
 41  42           10
 41  43            9
 41  44            3
 41  45            9
 41  46            3
 41  47            5
 41  49            6
 41  50            6
 42  43            3
 42  44            6
 42  46            3
 42  47            1
 42  48            7
 42  49            1
 42  50            3
 43  44            4
 43  46            7
 43  47            8
 43  48            5
 43  49            5
 44  45            2
 44  46            4
 44  47           10
 44  48            6
 44  50            4
 45  46            5
 45  47            9
 45  49            8
 46  47            3
 46  48            3
 46  49           10
 46  50            9
 47  49            8
 47  50            5
 48  49            8
 48  50            3
 49  50            3
