100
  1   5            6
  1   6           10
  1   7            2
  1   9            6
  1  11            6
  1  13            9
  1  15            3
  1  17            2
  1  18            7
  1  19           10
  1  20            1
  1  21            2
  1  23            1
  1  25            8
  1  27            3
  1  31            9
  1  32            5
  1  33            3
  1  35            4
  1  36            3
  1  37            9
  1  39            5
  1  40            5
  1  41            1
  1  46            8
  1  53            2
  1  60            5
  1  62            5
  1  64            1
  1  66           10
  1  71           10
  1  75            1
  1  79            9
  1  81           10
  1  86           10
  1  88            7
  1  91            9
  1  92            1
  2   4            1
  2   6            6
  2   7            7
  2  11            9
  2  12            4
  2  16            8
  2  20           10
  2  21            2
  2  30            4
  2  33            5
  2  34            4
  2  37            2
  2  42            5
  2  43            6
  2  45            9
  2  46            8
  2  47            7
  2  48            1
  2  49            9
  2  50            3
  2  52            9
  2  54           10
  2  55            9
  2  57           10
  2  60           10
  2  61            2
  2  62            6
  2  64           10
  2  67            6
  2  68            6
  2  69            7
  2  72            7
  2  78            8
  2  79            9
  2  80            5
  2  81            2
  2  82            2
  2  83           10
  2  84            1
  2  93            5
  2  94            8
  2  97            1
  2  98            1
  2 100            9
  3   4            2
  3   7            7
  3  10            3
  3  11           10
  3  12            2
  3  15           10
  3  17            6
  3  18            9
  3  20           10
  3  28            8
  3  33            8
  3  38            3
  3  41            6
  3  44            7
  3  48            5
  3  50            9
  3  51            6
  3  52            5
  3  54            3
  3  55            4
  3  56            8
  3  61            2
  3  65            6
  3  67            5
  3  70            1
  3  72            4
  3  74            8
  3  76            6
  3  78            4
  3  79            2
  3  81            7
  3  82            1
  3  88            4
  3  93            4
  3  94            4
  4   6            6
  4  13            3
  4  15            4
  4  18            1
  4  23            5
  4  26            8
  4  31            3
  4  34            7
  4  36            9
  4  39            1
  4  40            5
  4  43           10
  4  45            7
  4  48            6
  4  50            9
  4  51            8
  4  52            5
  4  53            2
  4  56            7
  4  58            7
  4  59            7
  4  60            5
  4  61            8
  4  65            3
  4  67            3
  4  68            2
  4  69            2
  4  70            6
  4  71            1
  4  74            4
  4  79            2
  4  80            4
  4  82            4
  4  85           10
  4  86            6
  4  89            6
  4  91            9
  4  95            4
  4  98            9
  4 100            3
  5   6            2
  5   7            3
  5  14            9
  5  16            4
  5  18            3
  5  19            5
  5  33            5
  5  36            3
  5  38            8
  5  41            7
  5  43            4
  5  45            9
  5  48            5
  5  50            8
  5  51            9
  5  53            3
  5  60            2
  5  64            2
  5  68            2
  5  69            6
  5  73            7
  5  77            4
  5  82            6
  5  87            3
  5  88            7
  5  89            9
  5  90            7
  5  91            9
  5  93            5
  6   8            3
  6   9            3
  6  10           10
  6  11            2
  6  22            6
  6  23            5
  6  24           10
  6  29            6
  6  32            6
  6  35            4
  6  36            8
  6  37            9
  6  41            2
  6  44            1
  6  46            5
  6  48            1
  6  52           10
  6  56            4
  6  57            4
  6  60            2
  6  61            1
  6  64            1
  6  67            8
  6  68            8
  6  69            3
  6  71           10
  6  76            2
  6  77            8
  6  78            2
  6  80           10
  6  86            2
  6  87            9
  6  92            3
  6  98            5
  7   8            7
  7   9            3
  7  11            6
  7  14            9
  7  15            5
  7  20            2
  7  22            5
  7  24           10
  7  25            4
  7  27            3
  7  31            7
  7  32            5
  7  42           10
  7  44            5
  7  48            8
  7  55           10
  7  56           10
  7  58            6
  7  60            1
  7  69            3
  7  71            4
  7  72            4
  7  77            3
  7  79            4
  7  84            1
  7  85            5
  7  88           10
  7  93            6
  7  96            6
  7  97            8
  7 100            8
  8  10            5
  8  12            7
  8  13            4
  8  15            8
  8  16            9
  8  17            3
  8  18            7
  8  22           10
  8  23            8
  8  26            4
  8  29            1
  8  30            9
  8  31            2
  8  34            9
  8  36            6
  8  37            1
  8  39            8
  8  43            4
  8  47            8
  8  48           10
  8  51            7
  8  53            5
  8  56            3
  8  62            2
  8  71            7
  8  74            3
  8  75            6
  8  78            4
  8  79            3
  8  80           10
  8  83           10
  8  84            9
  8  90            5
  8  93           10
  8  99            8
  9  10            9
  9  11           10
  9  13            7
  9  15            3
  9  16            4
  9  18            6
  9  20            2
  9  22            7
  9  23            9
  9  25            6
  9  27            9
  9  35           10
  9  38            8
  9  43            4
  9  44           10
  9  45            6
  9  51            5
  9  52            4
  9  54            2
  9  57            9
  9  61            5
  9  63            6
  9  64           10
  9  67            6
  9  69            7
  9  70            6
  9  72            7
  9  73           10
  9  78            8
  9  80            6
  9  84            9
  9  86           10
  9  87            3
  9  90            1
  9  91            1
  9  93           10
  9  94            1
 10  12            4
 10  13            9
 10  15            1
 10  16            5
 10  18            3
 10  21            7
 10  25           10
 10  32            5
 10  35            2
 10  36            9
 10  41            4
 10  42            3
 10  43            1
 10  46            1
 10  47           10
 10  48            8
 10  50           10
 10  53            5
 10  54            1
 10  56            3
 10  57            3
 10  59            5
 10  61            9
 10  62            2
 10  66            4
 10  67            6
 10  70            3
 10  74            8
 10  76            3
 10  78            7
 10  82            6
 10  86            1
 10  89            1
 10  90            4
 11  13            2
 11  14            2
 11  15            9
 11  17            3
 11  18            9
 11  21            8
 11  22            8
 11  23            5
 11  26            8
 11  27            9
 11  29            5
 11  30            2
 11  31            8
 11  33            8
 11  38            5
 11  40            6
 11  46            4
 11  49            9
 11  50            8
 11  51            3
 11  53            8
 11  63            7
 11  64            2
 11  66            1
 11  70            2
 11  72            6
 11  76            8
 11  78            7
 11  81            7
 11  83            7
 11  85            4
 11  87            8
 11  89            9
 11  91            3
 11  98            1
 11  99            4
 12  14            1
 12  15            6
 12  18            4
 12  19            5
 12  20            2
 12  25            7
 12  31            5
 12  33            8
 12  36            2
 12  42           10
 12  44            7
 12  46            5
 12  48            1
 12  49            2
 12  53            1
 12  59           10
 12  60            1
 12  63            3
 12  67            1
 12  73            4
 12  75            7
 12  80            2
 12  81            5
 12  82            3
 12  87            5
 12  88           10
 12  94            3
 12  97            6
 13  14            6
 13  16            2
 13  20            9
 13  27           10
 13  29            3
 13  38            1
 13  39            1
 13  40            1
 13  42            1
 13  43            2
 13  48            2
 13  53            8
 13  55            8
 13  56           10
 13  60            6
 13  61            2
 13  65            4
 13  66            8
 13  67            6
 13  68            6
 13  69            1
 13  70           10
 13  75            4
 13  85            4
 13  86           10
 13  90            3
 13  97            1
 13  99            7
 14  18            9
 14  20            6
 14  23            3
 14  29            3
 14  31            9
 14  33            2
 14  34            9
 14  37            6
 14  41            6
 14  43           10
 14  50            6
 14  52            2
 14  53            4
 14  54            5
 14  57            1
 14  58            3
 14  59            7
 14  60            8
 14  63            4
 14  64            1
 14  65            9
 14  67           10
 14  68            8
 14  70            1
 14  73            9
 14  75            7
 14  77            5
 14  78            9
 14  79            3
 14  80            5
 14  81            3
 14  84            3
 14  89            7
 14  91            9
 15  22            4
 15  26            6
 15  27            5
 15  29            7
 15  30            2
 15  32            8
 15  33            6
 15  34            3
 15  43            9
 15  45            1
 15  48            2
 15  53            5
 15  54            1
 15  55            1
 15  56            4
 15  57            2
 15  58            7
 15  60            7
 15  61            4
 15  65            3
 15  66            1
 15  67            7
 15  68            3
 15  71            1
 15  77            7
 15  85            1
 15  88            1
 15  89            1
 15  95            5
 15  97            4
 15  98            8
 16  20            5
 16  21            4
 16  24            5
 16  26            6
 16  30           10
 16  31            7
 16  34            3
 16  35           10
 16  38            6
 16  39            4
 16  46            8
 16  47            8
 16  49            8
 16  52            5
 16  53            2
 16  57            1
 16  58            2
 16  59            1
 16  60            6
 16  61            6
 16  63            7
 16  67            7
 16  68            4
 16  71            5
 16  74            7
 16  75            2
 16  76           10
 16  77            2
 16  80           10
 16  88            9
 16  89            5
 16  90            8
 16  94            3
 17  18            1
 17  19            8
 17  20            9
 17  23            1
 17  25            6
 17  26            4
 17  27            8
 17  29            3
 17  30            4
 17  31            7
 17  36            8
 17  39            3
 17  43            8
 17  46            5
 17  52            8
 17  53            9
 17  54            6
 17  55            7
 17  61            1
 17  65            5
 17  67            4
 17  68            4
 17  72            9
 17  73            2
 17  76            2
 17  79            2
 17  83            8
 18  19            8
 18  21            3
 18  22            9
 18  23            5
 18  25            5
 18  26            4
 18  29            6
 18  30           10
 18  33            1
 18  35            2
 18  36            4
 18  38           10
 18  40            2
 18  42           10
 18  46            1
 18  50            6
 18  55            8
 18  59            4
 18  60            6
 18  61            5
 18  63            7
 18  64            3
 18  65            7
 18  66            4
 18  68            5
 18  69            8
 18  76            8
 18  86            4
 18  91            2
 18  96            2
 19  21            9
 19  22            3
 19  23            1
 19  24            4
 19  29            8
 19  32            5
 19  33            2
 19  34            6
 19  36            1
 19  38            1
 19  45            4
 19  47            9
 19  51            9
 19  53            1
 19  54           10
 19  62            6
 19  69           10
 19  70            5
 19  72            5
 19  74            3
 19  77            1
 19  80            7
 19  84            5
 19  85            6
 19  87            1
 19  89            9
 19  90            9
 19  91            5
 19  94            6
 19  96            9
 19  98           10
 19  99            4
 20  23            9
 20  26            2
 20  28            7
 20  29           10
 20  30            2
 20  32            9
 20  34            4
 20  36            8
 20  38            3
 20  42            3
 20  43            8
 20  45            5
 20  49            5
 20  51            1
 20  53            8
 20  54            4
 20  58            5
 20  60            2
 20  62            1
 20  64            6
 20  67            4
 20  68           10
 20  70            1
 20  75            5
 20  76            1
 20  77            5
 20  81            3
 20  82            7
 20  83            8
 20  84           10
 20  87            9
 20  92            6
 20  98            4
 20 100            1
 21  22            9
 21  24            2
 21  25            4
 21  27            4
 21  31            7
 21  33            7
 21  34           10
 21  36            8
 21  38            4
 21  40           10
 21  48           10
 21  56            8
 21  59           10
 21  60           10
 21  63           10
 21  67            2
 21  68            4
 21  70            4
 21  72            2
 21  73            3
 21  77            6
 21  78           10
 21  80            3
 21  81            3
 21  83           10
 21  84            1
 21  87            8
 21  88            1
 21  89            1
 21  94            4
 21  95            1
 21  96            7
 21  97            8
 21  98            9
 21 100            6
 22  25            4
 22  26            3
 22  27            7
 22  33            9
 22  35            7
 22  40            7
 22  46            5
 22  47            5
 22  48            4
 22  50            1
 22  54            1
 22  56            2
 22  58            9
 22  62            1
 22  63            7
 22  68            4
 22  70            8
 22  71            3
 22  72            6
 22  73            1
 22  74           10
 22  76            3
 22  79            1
 22  80            2
 22  82            7
 22  84            9
 22  86            6
 22  87            2
 22  90           10
 22  94            5
 22  95            1
 22  97            8
 22  99            9
 22 100           10
 23  25           10
 23  28            3
 23  30            8
 23  34            8
 23  35            9
 23  36            1
 23  38            6
 23  40           10
 23  42            8
 23  44            1
 23  45            4
 23  48            8
 23  49            4
 23  52            9
 23  53            9
 23  54            3
 23  58           10
 23  59           10
 23  62            3
 23  67            1
 23  69            4
 23  73            3
 23  77            6
 23  78            8
 23  83            5
 23  88            1
 23  91            7
 23  93            2
 23  97            6
 23  98            3
 24  32            5
 24  34            1
 24  35            9
 24  36            3
 24  38           10
 24  41            1
 24  43            1
 24  44           10
 24  45            4
 24  49            5
 24  50            7
 24  51            6
 24  53            3
 24  55            2
 24  68            4
 24  74            7
 24  75            8
 24  76            5
 24  80            4
 24  82            3
 24  83            8
 24  85            4
 24  89            1
 24  91            8
 24  92            2
 24  95            3
 24  97            7
 24  98            8
 24 100            5
 25  29            2
 25  30            5
 25  31            8
 25  32            6
 25  40            5
 25  42            2
 25  43            6
 25  44            7
 25  52            7
 25  60            1
 25  63            3
 25  67            7
 25  68            2
 25  72            1
 25  74            5
 25  75            1
 25  81            4
 25  83            5
 25  84            4
 25  85            5
 25  86            9
 25  90            8
 25  91            5
 25  92            1
 25  93            7
 25  94            3
 25 100            5
 26  27            3
 26  28            8
 26  29            6
 26  30            6
 26  31            5
 26  34            8
 26  38            3
 26  40            4
 26  43            3
 26  44            9
 26  49            7
 26  51           10
 26  52            1
 26  55            5
 26  63            9
 26  64           10
 26  66            5
 26  72            9
 26  73            7
 26  74            2
 26  76            4
 26  79            3
 26  80           10
 26  81            3
 26  82            7
 26  88            1
 26  96            1
 27  30            3
 27  34            2
 27  35            8
 27  38            9
 27  40            9
 27  42            2
 27  43            8
 27  46            8
 27  51            3
 27  58           10
 27  59            7
 27  62            8
 27  63            3
 27  64            1
 27  67            5
 27  72            3
 27  74            9
 27  78            1
 27  80            4
 27  81            8
 27  86            3
 27  88            7
 27  89            9
 27  95            9
 27  97            3
 27  98            5
 27  99           10
 28  29            9
 28  30            7
 28  34            7
 28  37            3
 28  39            1
 28  40            1
 28  47            3
 28  50            9
 28  51            5
 28  52           10
 28  54            7
 28  55            2
 28  56            8
 28  57            5
 28  58            3
 28  60           10
 28  64           10
 28  66            7
 28  79            3
 28  81            6
 28  82            7
 28  83            4
 28  86            5
 28  91            4
 28  94            5
 28  96           10
 28  97            8
 28  98            6
 29  33            2
 29  34            2
 29  38            3
 29  39            1
 29  44            9
 29  45            8
 29  46            2
 29  47            2
 29  51            6
 29  56            7
 29  58            6
 29  60            4
 29  65            3
 29  70            2
 29  72            8
 29  76            3
 29  77            1
 29  80            1
 29  81           10
 29  84            1
 29  86            1
 29  92            9
 29  98            5
 30  35           10
 30  36            7
 30  37            1
 30  41            6
 30  44            6
 30  45            3
 30  47            1
 30  48            9
 30  50            9
 30  55            5
 30  56            1
 30  57            7
 30  60            3
 30  62            4
 30  63            6
 30  64            4
 30  67            3
 30  68           10
 30  69            4
 30  71            3
 30  74            4
 30  75            3
 30  76            4
 30  77           10
 30  79            1
 30  83            7
 30  84            8
 30  85            8
 30  86            3
 30  88           10
 30  91            8
 30  92           10
 30  93            7
 30  95            2
 31  32           10
 31  33            4
 31  35            2
 31  36            3
 31  38            7
 31  39           10
 31  41            5
 31  42            8
 31  44            4
 31  46            4
 31  48           10
 31  49            6
 31  52            9
 31  56            5
 31  57            6
 31  60            7
 31  61            4
 31  68            1
 31  71            1
 31  72            7
 31  73           10
 31  74            6
 31  82            2
 31  83            5
 31  87            5
 31  90           10
 31  92            6
 31  96            4
 32  33            9
 32  34            5
 32  35            3
 32  36            4
 32  37            8
 32  38            8
 32  39            2
 32  44            9
 32  47           10
 32  50            5
 32  51            2
 32  52           10
 32  57            1
 32  58            9
 32  59            8
 32  61            8
 32  63            8
 32  71           10
 32  76            3
 32  78            6
 32  79            4
 32  81            8
 32  90            4
 32  92            5
 32  94            8
 32  96            1
 32 100            4
 33  36            9
 33  37           10
 33  41            1
 33  42            7
 33  43            7
 33  45            3
 33  53            3
 33  54            9
 33  55            7
 33  56            6
 33  59            3
 33  60            1
 33  67           10
 33  68            3
 33  69           10
 33  70            2
 33  77            8
 33  78            5
 33  81            4
 33  83            9
 33  84            1
 33  85            5
 33  86           10
 33  89            3
 33  94            7
 33  96           10
 33  99           10
 34  36            5
 34  39            6
 34  42            6
 34  44            4
 34  46            5
 34  48            7
 34  49            8
 34  50            5
 34  52            1
 34  57            8
 34  58            3
 34  60            7
 34  65            7
 34  67            3
 34  69            9
 34  73           10
 34  81           10
 34  82            2
 34  84           10
 34  85            9
 34  88            6
 34  94            6
 35  43            9
 35  44            9
 35  45            4
 35  50            8
 35  54            4
 35  55            1
 35  56            7
 35  59            8
 35  63           10
 35  64            1
 35  66            6
 35  67            9
 35  69            5
 35  71            2
 35  77            3
 35  79            7
 35  80            9
 35  82            4
 35  87            3
 35  94            7
 35  97            7
 35  99            6
 36  38            4
 36  39            9
 36  40            8
 36  42            8
 36  49            7
 36  51            5
 36  53           10
 36  55            4
 36  60            5
 36  63            2
 36  64            3
 36  67           10
 36  70           10
 36  71            2
 36  72            4
 36  74           10
 36  75            4
 36  77            4
 36  82            4
 36  83            8
 36  84            1
 36  86            9
 36  92            9
 36  95            7
 36  97            2
 36  98            2
 36  99            8
 36 100            2
 37  41            4
 37  45            3
 37  46            5
 37  47            3
 37  49            4
 37  50            8
 37  54            5
 37  55            5
 37  56            6
 37  57            6
 37  59           10
 37  60            2
 37  61            1
 37  66            4
 37  68            4
 37  70            2
 37  73            1
 37  74            3
 37  77            7
 37  83           10
 37  85            9
 37  87            1
 37  88            6
 37  89            6
 37  90            7
 37  92            7
 37  93           10
 37  98            6
 37  99            9
 38  42            4
 38  43            1
 38  46            3
 38  47            1
 38  48            2
 38  50            1
 38  52           10
 38  53           10
 38  58            4
 38  60            6
 38  64           10
 38  65            9
 38  67            1
 38  80            6
 38  83            3
 38  84            1
 38  85            6
 38  88           10
 38  90            5
 38  92            1
 38  94            8
 38  97            2
 38  99            1
 39  41            4
 39  42            6
 39  45            4
 39  51            5
 39  53            8
 39  54            1
 39  57            9
 39  64            2
 39  66            9
 39  73            2
 39  74            8
 39  78            2
 39  79            2
 39  80            2
 39  81            2
 39  83            3
 39  84            1
 39  87            4
 39  89            8
 39  90            9
 39  93            9
 39  98           10
 39  99            5
 40  43            9
 40  48            1
 40  50            1
 40  52            6
 40  56            1
 40  63            9
 40  64            3
 40  65            7
 40  67            1
 40  70            4
 40  71            5
 40  77            8
 40  78           10
 40  80           10
 40  81            8
 40  82            9
 40  83            7
 40  89            7
 40  94            8
 40  95           10
 41  45            7
 41  46            3
 41  47            7
 41  54            7
 41  56            7
 41  57            1
 41  62            7
 41  63            7
 41  67            1
 41  71            2
 41  77            8
 41  78            3
 41  79            6
 41  80            9
 41  81            6
 41  82            3
 41  83            4
 41  84            7
 41  85           10
 41  88            6
 41  89           10
 41  91            7
 41  93            3
 41  94            5
 41  95            4
 41  96            2
 41  99            1
 42  45            5
 42  46            4
 42  48            6
 42  49            8
 42  50            6
 42  51            4
 42  52            5
 42  55            9
 42  57            7
 42  65            4
 42  67            7
 42  73            8
 42  75            8
 42  77            8
 42  79            4
 42  81            3
 42  82            7
 42  85            7
 42  86            9
 42  90           10
 42  93            9
 42  98            7
 42  99            5
 42 100           10
 43  45            8
 43  46            9
 43  47            1
 43  48            9
 43  49            3
 43  50            3
 43  51            9
 43  54            5
 43  55           10
 43  56            9
 43  60            1
 43  62            7
 43  63            2
 43  69            8
 43  75            1
 43  79            7
 43  87            5
 43  94            2
 43 100            6
 44  46            9
 44  48            9
 44  50            4
 44  51            5
 44  52            4
 44  53            3
 44  55            4
 44  58            1
 44  64            4
 44  68            4
 44  69            6
 44  70            4
 44  72            4
 44  78            3
 44  79            6
 44  82            7
 44  85            3
 44  86            7
 44  88            5
 44  95            9
 44  99            1
 44 100            1
 45  46            8
 45  47            1
 45  54            2
 45  58            7
 45  60            9
 45  65            2
 45  66            8
 45  67            6
 45  73            4
 45  78           10
 45  79            6
 45  81            5
 45  88            4
 45  91            5
 45  98            2
 45 100            2
 46  48            5
 46  51            7
 46  52            8
 46  54            7
 46  55            9
 46  57            5
 46  58            4
 46  59            4
 46  60            8
 46  63            4
 46  65            1
 46  66            8
 46  71            7
 46  73           10
 46  74            3
 46  75            3
 46  76            5
 46  80            4
 46  82            1
 46  83            1
 46  84            8
 46  88            9
 46  95            6
 46  96            8
 46  97            7
 46 100            5
 47  48            2
 47  49            1
 47  50            8
 47  52            7
 47  61            3
 47  62            6
 47  63            9
 47  64           10
 47  65            2
 47  70            8
 47  71            3
 47  75            6
 47  76            4
 47  77            9
 47  78            3
 47  80            9
 47  82            9
 47  84            9
 47  85            4
 47  86            1
 47  91            6
 47  92            6
 47  95            5
 47  99           10
 48  50            1
 48  55            4
 48  56            6
 48  57            5
 48  58            3
 48  59            1
 48  60            2
 48  61            4
 48  65            2
 48  68            9
 48  71            8
 48  73            3
 48  78            3
 48  82           10
 48  84            4
 48  86            4
 48  89            1
 48  92            7
 48  93            9
 48  94            4
 48  96           10
 48  98            8
 49  51            1
 49  53            7
 49  54            5
 49  58            5
 49  59            5
 49  61           10
 49  62            8
 49  64            1
 49  66           10
 49  67            3
 49  68           10
 49  69            8
 49  71            8
 49  72            1
 49  73            2
 49  80            6
 49  83            4
 49  84            1
 49  86            5
 49  87            9
 49  92           10
 49  95            5
 50  52            6
 50  53            5
 50  54            5
 50  55            9
 50  56            2
 50  57            8
 50  58            4
 50  60            1
 50  61           10
 50  64            5
 50  65           10
 50  68           10
 50  72            5
 50  78            8
 50  82            7
 50  86            5
 50  87           10
 50  88            3
 50  89            2
 50  94            2
 50  99            3
 50 100            8
 51  52            5
 51  53            9
 51  56           10
 51  57            1
 51  58            5
 51  59            5
 51  60            7
 51  62            8
 51  63           10
 51  69            9
 51  80            8
 51  81            8
 51  82            3
 51  87            7
 51  89            4
 51  90            4
 51  94           10
 51  97            9
 52  54            9
 52  62            5
 52  67            7
 52  70            4
 52  71            1
 52  77            7
 52  80           10
 52  81            4
 52  83            3
 52  86            6
 52  87            8
 52  91            1
 52  92           10
 52  94           10
 52  95            4
 52 100            1
 53  54            3
 53  55            5
 53  56            8
 53  57            9
 53  61            6
 53  63            5
 53  64           10
 53  71            5
 53  72            9
 53  74            1
 53  76            9
 53  77            3
 53  79            8
 53  83            5
 53  84            6
 53  85            1
 53  86            8
 53  87            3
 53  88           10
 53  90           10
 53  93            7
 53  96            2
 53  97            6
 53 100            3
 54  56            2
 54  59            9
 54  60            7
 54  61           10
 54  65            6
 54  68            2
 54  71            7
 54  73            4
 54  74            5
 54  77            7
 54  78            8
 54  79            1
 54  82           10
 54  85            4
 54  89            2
 54  91            9
 54  96            7
 54  97            6
 54  98            7
 54  99            7
 54 100            1
 55  57            7
 55  58            3
 55  59            5
 55  65            4
 55  69            4
 55  70            6
 55  71            9
 55  72            3
 55  73           10
 55  75            2
 55  76            9
 55  79            6
 55  82            6
 55  83            9
 55  85            2
 55  86            7
 55  87            8
 55  88            6
 55  89            1
 55  90            3
 55  92            5
 55  93            7
 55  94            4
 55  99            1
 56  57            6
 56  58            6
 56  60            8
 56  61            8
 56  63            8
 56  67            5
 56  69            4
 56  71            4
 56  72            3
 56  74            3
 56  75            9
 56  78            2
 56  79            3
 56  81            6
 56  82            8
 56  83            7
 56  85            9
 56  86            1
 56  89            5
 56  90            3
 56  96            7
 56  97            3
 56  99            9
 56 100            7
 57  61           10
 57  62            5
 57  63            1
 57  65            5
 57  66            9
 57  68            8
 57  71            9
 57  76            3
 57  77            9
 57  78            2
 57  80           10
 57  82            9
 57  84            6
 57  85            6
 57  87            4
 57  91            7
 57  92            9
 57  93           10
 57  97            1
 57  98            7
 57  99            4
 58  63            6
 58  68            7
 58  69            9
 58  70            3
 58  76            5
 58  81            6
 58  83            9
 58  84            4
 58  85            7
 58  88            8
 58  90           10
 58  91            8
 58  93            9
 58  94            7
 58  95            1
 58  97            8
 58  98            8
 58  99            4
 58 100            9
 59  60            1
 59  63            9
 59  64            4
 59  65            5
 59  67            1
 59  68            4
 59  69            4
 59  72            9
 59  73            6
 59  75            1
 59  79            3
 59  80            3
 59  82            9
 59  86            4
 59  89            2
 59  90           10
 59  91            5
 59  92            1
 59  98           10
 59  99            2
 60  68            9
 60  70            9
 60  73            1
 60  74            6
 60  76            8
 60  77            9
 60  78            1
 60  81            7
 60  83            3
 60  84            7
 60  87            5
 60  88            1
 60  90            6
 60  91            1
 60  92            3
 60  94            3
 60  95            4
 61  62           10
 61  64            6
 61  65            3
 61  66            5
 61  69            6
 61  72            9
 61  73            4
 61  76            6
 61  77            9
 61  78            2
 61  80           10
 61  81            7
 61  82            3
 61  83            1
 61  84            1
 61  86            2
 61  94            6
 61  95            9
 61  97            3
 61  99            5
 61 100            6
 62  64            6
 62  66            5
 62  67            1
 62  68            5
 62  73            6
 62  74            3
 62  77            4
 62  79            8
 62  83            9
 62  84            7
 62  86            7
 62  87            6
 62  90            1
 62  92            5
 62  94            6
 62  96            1
 62  98            4
 62  99            3
 63  64            6
 63  65            9
 63  68            6
 63  70            6
 63  73            1
 63  80            7
 63  83           10
 63  86            5
 63  89            5
 63  90           10
 63  92            9
 63  93           10
 63  95            4
 63  96            6
 63  98            7
 63  99           10
 64  69            5
 64  73            8
 64  74            2
 64  75            8
 64  77            8
 64  81           10
 64  82            8
 64  83            6
 64  84           10
 64  86            5
 64  88            3
 64  89            1
 64  93            7
 64  94            4
 64  96            9
 64  98            7
 64 100           10
 65  66            4
 65  67           10
 65  69            2
 65  71            5
 65  72           10
 65  73            1
 65  75            7
 65  76            9
 65  77            7
 65  82            7
 65  85            5
 65  87            8
 65  89            1
 65  93            4
 65  94            4
 65  98            7
 65  99            2
 65 100            6
 66  68            2
 66  70            8
 66  71            7
 66  72            9
 66  73            1
 66  74           10
 66  75            3
 66  76            5
 66  78           10
 66  80           10
 66  82            8
 66  83            7
 66  85            3
 66  87            8
 66  90            1
 66  94            8
 66  97            5
 66  98            1
 66 100            9
 67  69            7
 67  73            3
 67  74            8
 67  78            6
 67  79            8
 67  81            5
 67  82            9
 67  86            3
 67  88            9
 67  95            8
 67  99            5
 67 100            2
 68  70           10
 68  72            9
 68  73            7
 68  75            7
 68  77            3
 68  78            3
 68  79            6
 68  82           10
 68  86            8
 68  87            4
 68  90            9
 68  91            8
 68  94            7
 68  97            2
 68  98            8
 68  99            6
 69  71            8
 69  72            8
 69  76            1
 69  79            5
 69  83            1
 69  84            2
 69  85            2
 69  90            9
 69  91            2
 69  93           10
 69 100            5
 70  71           10
 70  72            3
 70  76            5
 70  77            5
 70  78            4
 70  79            4
 70  80            8
 70  83           10
 70  92            6
 70  94            7
 70  96            7
 70  99            2
 71  74            6
 71  77            9
 71  81            5
 71  85            9
 71  87            6
 71  88            8
 71  91            2
 71  92           10
 71  93           10
 71  94            3
 71  95            6
 71  99            5
 72  77           10
 72  78            2
 72  79            1
 72  82            2
 72  83            2
 72  84            9
 72  85            3
 72  87            2
 72  91            7
 72  92           10
 73  74            4
 73  75            1
 73  78            7
 73  80            7
 73  81            5
 73  82            2
 73  83            8
 73  84            7
 73  85            6
 73  87            6
 73  89            2
 73  91            8
 73  95            5
 73  96            3
 73  98            6
 73  99            8
 74  75            3
 74  76            3
 74  77            8
 74  79            2
 74  82            6
 74  83            3
 74  84            5
 74  88            8
 74  89            3
 74  90            6
 74  91            5
 74  93            4
 74  94            5
 75  76           10
 75  82            4
 75  85            4
 75  86            6
 75  87            9
 75  89            6
 75  90            5
 75  91            5
 75  92            7
 75  97            3
 75  98           10
 75  99            1
 75 100            9
 76  78            3
 76  80           10
 76  84            2
 76  86            7
 76  88            1
 76  90            9
 76  92           10
 76  94            6
 76  95            4
 76  99           10
 77  78            4
 77  79            5
 77  81            2
 77  82           10
 77  85            6
 77  88           10
 77  90            8
 77  91            8
 77  92            9
 77  95            8
 77  96           10
 77  98            9
 78  80            7
 78  81            7
 78  84            8
 78  85            2
 78  88            9
 78  99            9
 79  80           10
 79  81            4
 79  82            3
 79  88            8
 79  90            3
 79  91            2
 79  92            5
 79  94            4
 79  95            3
 79  96           10
 79  98            9
 79  99            2
 80  82            9
 80  94            7
 80  96            1
 80  97            5
 80  99            8
 81  83            1
 81  84            3
 81  87            1
 81  89            6
 81  90            4
 81  93            5
 81  98            9
 81  99            6
 82  88            2
 82  90           10
 82  92            8
 82  93            7
 82  94            8
 82  95            3
 82  98            7
 82 100            3
 83  85            1
 83  93            4
 83  94            5
 83  99            8
 83 100            3
 84  86            2
 84  89           10
 84  91            1
 84  95            4
 84  96            1
 84  97            2
 84  98            8
 84 100            4
 85  86            2
 85  88            8
 85  89            4
 85  91            6
 85  92            9
 85  93           10
 85  94            7
 85  96            9
 85  97            9
 85  98            2
 85  99            1
 86  89            8
 86  91            6
 86  96            8
 86  98            8
 86  99            5
 86 100            5
 87  88            8
 87  89            9
 87  91            1
 87  92            6
 87  93            6
 87  94            6
 87  95            9
 87  96            8
 87  97            8
 88  94            3
 88  95            4
 88  96           10
 88  99            5
 89  90            2
 89  93            5
 89  94            3
 89  95            3
 89  97            3
 89 100            8
 90  91            5
 90  97            4
 90  99            4
 90 100            9
 91  92            2
 91  94            5
 91  97            9
 91  99            9
 92  94            7
 92  97            7
 92 100            9
 93  96            4
 93  97            9
 93 100           10
 94  97            4
 94 100            8
 95  96           10
 95  97            8
 96  98            1
 96  99           10
 97  99            3
 97 100            5
 98  99            1
 98 100            6
 99 100            9
