50
  1   2           10
  1   3            1
  1   4            1
  1   5            8
  1  47            8
  1  48            7
  1  49            2
  1  50            4
  2   3            4
  2   4            1
  2   5            5
  2   6            4
  2  48            9
  2  49            9
  2  50            4
  3   4           10
  3   5            6
  3   6            2
  3  31            7
  3  38           10
  3  49            4
  3  50            4
  4   5            3
  4   6            1
  4   7            8
  4   8            5
  4  50            8
  5   6            9
  5   7           10
  5   8            7
  5   9            6
  6   7            7
  6   8            8
  6   9            6
  6  10            1
  6  48            1
  7   8            7
  7   9            5
  7  10            6
  7  11            3
  8   9            3
  8  11            5
  8  12            9
  8  26            5
  8  27            3
  9  10            7
  9  11            9
  9  12            4
  9  13            2
  9  47            1
 10  11           10
 10  12            1
 10  13            1
 10  14            5
 10  15            5
 11  12            8
 11  13            6
 11  14            9
 11  15            7
 12  13            4
 12  14            6
 12  15           10
 12  16            5
 13  14            8
 13  15            4
 13  16           10
 13  17            1
 14  15            3
 14  17            8
 14  18            7
 14  27            4
 15  17           10
 15  18            3
 15  19            3
 16  17            8
 16  18            7
 16  19            4
 16  20            3
 16  23            2
 16  41            6
 17  18            6
 17  19            9
 17  20            5
 17  21            1
 18  19            9
 18  20            7
 18  21            6
 18  22            6
 19  20            2
 19  21            1
 19  22            7
 19  23            6
 20  21            3
 20  22            1
 20  23            3
 20  24            1
 21  22            8
 21  23            5
 21  24            6
 21  25            2
 22  23            3
 22  24            7
 22  25            4
 22  26            5
 23  24            5
 23  25            7
 23  26            3
 23  46            4
 24  25            7
 24  26            4
 24  27           10
 24  28            9
 25  26            5
 25  27            5
 25  28            7
 25  29           10
 25  34            3
 26  27            2
 26  28            2
 26  29            4
 27  28            1
 27  29            2
 27  30            2
 27  31            2
 28  29            2
 28  30            6
 28  32            6
 28  37            4
 29  30            5
 29  31            4
 29  32            1
 29  33            8
 30  31            4
 30  32            4
 30  33            4
 30  34            6
 31  32            3
 31  33            1
 31  34            8
 32  33            7
 32  34           10
 32  35            8
 32  36            5
 33  34            7
 33  35            5
 33  36            2
 33  37            8
 33  38            6
 34  35            7
 34  36            8
 34  37           10
 35  36            1
 35  37            8
 35  38            7
 35  39            1
 36  37            3
 36  38            9
 36  39            2
 36  40            5
 37  38            8
 37  39            9
 37  40            8
 37  41            2
 38  39            8
 38  41            8
 38  42           10
 39  40            9
 39  41            3
 39  42            9
 39  43            8
 40  41            6
 40  42            9
 40  43            6
 40  44            7
 41  42            2
 41  43            9
 41  45            4
 42  43            8
 42  44            1
 42  45            9
 42  46           10
 43  44            7
 43  45            1
 43  46           10
 43  47            6
 44  45           10
 44  46            7
 44  47            1
 44  48            8
 45  46            5
 45  47            3
 45  48            2
 45  49            5
 46  48            1
 46  49            9
 46  50            4
 47  48            9
 47  49            6
 48  49            4
 49  50           10

