50
  1   4            6
  1   5            7
  1   7            9
  1   9            6
  1  14            2
  1  15            1
  1  20            1
  1  21            6
  1  26            1
  1  32            8
  1  33            5
  1  37            8
  1  39            2
  1  42            8
  1  45            8
  1  46            3
  1  50            3
  2   3           10
  2   4            3
  2   5            6
  2   6            7
  2   7            5
  2  11            9
  2  12            3
  2  14            9
  2  15            2
  2  16            2
  2  18            9
  2  19            3
  2  21            8
  2  25            4
  2  28            7
  2  30            6
  2  31            1
  2  34            9
  2  35            6
  2  39            3
  2  41            8
  2  46            7
  3   6            1
  3   8            5
  3  10            2
  3  11            3
  3  14            4
  3  15            1
  3  16           10
  3  18           10
  3  20            6
  3  25           10
  3  26            3
  3  29            6
  3  34            6
  3  35           10
  3  36            1
  3  39            5
  3  41            1
  3  47            5
  3  50            3
  4   8            4
  4   9            2
  4  10            3
  4  12            2
  4  14            6
  4  15            3
  4  25            3
  4  31           10
  4  33            9
  4  34            1
  4  35            4
  4  39            6
  4  41            1
  4  42           10
  4  43            3
  4  46            1
  4  49            5
  5   9            6
  5  13           10
  5  17            9
  5  19           10
  5  21            1
  5  24            5
  5  27            4
  5  31           10
  5  35            2
  5  36           10
  5  42            7
  5  44            6
  5  45            8
  6   7            7
  6  10           10
  6  14            3
  6  15            3
  6  17            4
  6  19            5
  6  25            8
  6  28            6
  6  30            2
  6  33            9
  6  35            6
  6  36           10
  6  39            9
  6  42            6
  6  44            7
  6  48            6
  6  50            5
  7  10            7
  7  11            2
  7  14           10
  7  15            9
  7  17           10
  7  18            9
  7  19            5
  7  20            3
  7  21            6
  7  23            3
  7  26            8
  7  28            3
  7  29            2
  7  30            1
  7  32            1
  7  36            7
  7  37            2
  7  38            7
  7  39            8
  7  41            3
  7  44            4
  7  48           10
  8  10            6
  8  11            4
  8  13            6
  8  14            1
  8  15           10
  8  16            8
  8  21           10
  8  23            6
  8  26            8
  8  28            1
  8  30            7
  8  36            5
  8  41            8
  8  46            5
  8  47            4
  8  48            4
  9  13            9
  9  14            3
  9  15            3
  9  16            1
  9  17            9
  9  20            2
  9  21            1
  9  22            3
  9  27            1
  9  28            5
  9  29           10
  9  31            2
  9  34            6
  9  36            6
  9  37           10
  9  40            3
  9  43            2
  9  44            1
  9  45            3
 10  12            4
 10  15            9
 10  18            1
 10  19            5
 10  21           10
 10  22            9
 10  24            5
 10  27            3
 10  29            1
 10  31            6
 10  35            7
 10  39            6
 10  41            9
 10  42            5
 10  44            5
 10  49           10
 11  12            1
 11  15            5
 11  16            1
 11  24            1
 11  25            7
 11  26            1
 11  27            1
 11  29            4
 11  30            9
 11  31            8
 11  33            3
 11  34            8
 11  39            8
 11  40            4
 12  13            2
 12  14            4
 12  16           10
 12  17            5
 12  20            4
 12  21            2
 12  22            1
 12  23            5
 12  29            6
 12  34            4
 12  35            1
 12  39            3
 12  40            8
 12  47            2
 13  17            5
 13  22            8
 13  26            6
 13  28            9
 13  29            2
 13  30            4
 13  35            1
 13  36            7
 13  37            4
 13  39           10
 13  41            7
 13  42            1
 13  44            3
 13  47           10
 14  15            4
 14  17           10
 14  18            7
 14  20            3
 14  28            3
 14  32            5
 14  33            1
 14  35            7
 14  36            9
 14  37            6
 14  38            7
 14  42            8
 14  45            2
 14  50            8
 15  24            2
 15  25            4
 15  29            5
 15  31            1
 15  38            7
 15  40            9
 15  44            6
 15  47            8
 15  50           10
 16  17           10
 16  18            6
 16  20            2
 16  21            1
 16  26            4
 16  27            7
 16  28            2
 16  34            6
 16  36            1
 16  37            3
 16  38            8
 16  42            5
 16  43            1
 16  45           10
 16  46            8
 16  48            6
 16  50           10
 17  18            4
 17  23            3
 17  24            7
 17  26            1
 17  27            4
 17  29            3
 17  32           10
 17  37            4
 17  39            3
 17  40            6
 17  41            8
 17  42            3
 17  45            7
 17  46           10
 17  47            6
 17  50            9
 18  20            4
 18  22            5
 18  23            9
 18  27           10
 18  31            3
 18  34            4
 18  35            1
 18  37            7
 18  43            7
 19  21            2
 19  22           10
 19  23            5
 19  25           10
 19  26            5
 19  28            8
 19  32            8
 19  35            8
 19  36            8
 19  37            8
 19  43            4
 19  44            9
 19  45            7
 19  48            2
 20  22            6
 20  23            1
 20  24            8
 20  25           10
 20  28            5
 20  32            9
 20  34           10
 20  43            9
 20  44            1
 20  45            6
 20  46            8
 20  47           10
 21  23            8
 21  25            7
 21  27            8
 21  28            5
 21  29            3
 21  30            5
 21  42            2
 21  43            4
 21  48           10
 21  49            8
 21  50           10
 22  23            6
 22  25            7
 22  27            6
 22  31            8
 22  32            5
 22  33            9
 22  36            6
 22  37           10
 22  40            3
 22  42            1
 22  43           10
 22  48            5
 23  25            2
 23  26            3
 23  27            7
 23  28            6
 23  29            9
 23  31            3
 23  32            2
 23  35            7
 23  37            5
 23  40            7
 23  41            7
 23  42            1
 23  44            9
 23  46            5
 23  48            3
 23  50            8
 24  27            3
 24  30            7
 24  31            3
 24  35            8
 24  42            7
 24  45           10
 24  48            9
 25  26            4
 25  27            9
 25  30            5
 25  35           10
 25  39            5
 25  41           10
 25  45            5
 25  47            3
 25  48           10
 25  49            1
 25  50            2
 26  29            7
 26  32            9
 26  33            2
 26  35           10
 26  41            9
 26  43            1
 26  46            7
 26  49            2
 27  28           10
 27  30           10
 27  32            4
 27  37            2
 27  42            7
 27  43            4
 27  49            5
 28  29            6
 28  30            8
 28  32           10
 28  35            6
 28  37            9
 28  39            3
 28  43           10
 28  44            1
 28  46            8
 29  31            4
 29  36            6
 29  37           10
 29  38            8
 29  40           10
 29  43            4
 29  44            3
 29  48            5
 29  50           10
 30  31            7
 30  32            1
 30  34            4
 30  37            8
 30  38            8
 30  39            9
 30  40            5
 30  45            8
 30  48            3
 31  35            1
 31  36            2
 31  41            7
 31  42            2
 31  45            8
 31  46           10
 31  49            5
 32  34            4
 32  35            5
 32  36            4
 32  37            9
 32  38            6
 32  40            3
 32  41           10
 32  45            1
 32  48            7
 33  34            7
 33  35            3
 33  38            9
 33  39            8
 33  40            5
 33  41            9
 33  42            5
 33  43            5
 33  45            9
 33  46            6
 34  39            7
 34  40            9
 34  43            5
 34  44            4
 34  45            4
 34  46            1
 34  47            3
 34  49            2
 35  36            3
 35  38           10
 35  40           10
 35  42            5
 35  43           10
 35  48           10
 35  49            2
 36  37            3
 36  38            4
 36  39            6
 36  43            8
 36  46            3
 36  47            5
 36  48            2
 37  38            1
 37  41            2
 37  43            2
 37  44            2
 37  47            2
 37  50            8
 38  40            9
 38  42            8
 38  43            6
 38  48            3
 38  50            1
 39  41            7
 39  42            8
 39  45            2
 39  46           10
 39  48            1
 40  43            4
 40  44           10
 40  46            7
 40  48            5
 40  49            1
 40  50            8
 41  42            3
 41  43            4
 41  44            9
 41  47            4
 41  49            1
 42  44            3
 42  46            1
 42  47            8
 43  44           10
 43  45            1
 43  48            5
 43  49            5
 44  47            2
 44  48            8
 45  48            1
 45  50            9
 46  47            3
 46  49            1
 47  49            3
 48  50            7
