500
  1   2            8
  1   4            3
  1   5            4
  1   6            7
  1  54            1
  1 200            3
  1 496            4
  1 497            1
  1 500           10
  2   3            9
  2   4            6
  2  21            1
  2 218            5
  2 234            8
  2 497            7
  2 498            7
  2 499            2
  2 500            2
  3   4            4
  3   5            1
  3   6            4
  3   7            1
  3   8            6
  3 498            2
  3 500            3
  4   6            1
  4   8            3
  4   9            7
  4  65            5
  4 227            9
  4 499            7
  4 500           10
  5   6            4
  5   7            2
  5   8            3
  5   9            1
  5  10            4
  5 197            2
  5 287            4
  5 500            6
  6   7            1
  6   8            7
  6  10            1
  6  11           10
  6  58            9
  6 330            3
  7   9            1
  7  10            3
  7  11            1
  7  12           10
  7 407            1
  8   9            9
  8  11            8
  8  12           10
  8  13            3
  8 116           10
  8 147            6
  9  10            4
  9  11            2
  9  12            3
  9  13            9
  9  14            2
 10  12            9
 10  13            2
 10  14            8
 10 154            5
 10 249            9
 11  12           10
 11  13            3
 11  14            2
 11  15            7
 11  16            7
 11 171            3
 11 201            4
 12  13            8
 12  14            7
 12  16           10
 12  17            7
 12 456           10
 13  14            8
 13  16            8
 13  17            1
 13  18            8
 13  91            8
 14  15            9
 14  16            4
 14  17           10
 14 195            5
 14 209            1
 14 243            3
 15  16            9
 15  17           10
 15  18            4
 15  19            4
 15  20            7
 15 449            7
 16  17            3
 16  19            7
 16  20            8
 16  21            1
 16  82            2
 17  18            1
 17  19            2
 17  20            6
 17  21            3
 17 367            6
 17 394            3
 18  19            9
 18  20            8
 18  22            6
 18 150            4
 18 499            7
 19  20            9
 19  21            2
 19  22           10
 19 288            3
 19 289            8
 20  23            7
 20  24            8
 20  25            7
 20 157            7
 20 177            6
 20 374            2
 21  22            1
 21  23            6
 21  24            2
 21  25            6
 21  26           10
 22  23            3
 22  24            5
 22  26            5
 22  27            5
 22 471            6
 23  24           10
 23  25            6
 23  26            7
 23  27            8
 23  28            3
 24  25            5
 24  26            2
 24  27            3
 24  28            9
 24 236            9
 24 252            2
 24 353            6
 25  26            3
 25  27           10
 25  28            5
 25  41            1
 25 262            2
 25 460            7
 26  28            3
 26  29            9
 26  30           10
 26  31            7
 26 445            4
 27  28           10
 27  29            9
 27  30            3
 27  31            9
 27  32            5
 28  29            6
 28  30            9
 28  31            3
 28  32            4
 28  33            3
 29  30            4
 29  31           10
 29  32            6
 29  33            2
 29 164            2
 30  31            2
 30  32            3
 30  34            5
 30  35            4
 30  46            3
 30 379            2
 30 463            7
 31  32            3
 31  33            5
 31  34            6
 31  35            2
 31  36            3
 31 462            2
 32  33            2
 32  34            5
 32  35            7
 32  36            5
 32  37            3
 33  34            6
 33  35            6
 33  36            3
 33  38           10
 33 146            1
 34  35            2
 34  36           10
 34  37            5
 34  39            6
 34  97            9
 34 381            6
 34 495            2
 35  36            9
 35  37            3
 35  38            3
 35  39            4
 35 244           10
 36  37            8
 36  38           10
 36  39            8
 36  41            4
 36 482           10
 37  38            7
 37  39            7
 37  40            2
 37  41            3
 37  42            8
 38  39            8
 38  40            8
 38  41            6
 38  42            7
 38  43            5
 38 158            1
 38 407            5
 39  40            6
 39  41            9
 39  42            4
 39  43            1
 39  44            6
 40  41            2
 40  42            1
 40  43            5
 40  44            8
 40  45            1
 40 430            2
 41  42           10
 41  43           10
 41  44            3
 41  45            2
 41  46           10
 41 114            4
 42  43            2
 42  45           10
 42  46            9
 42  47            4
 42 216            5
 42 356            5
 42 361            3
 43  45           10
 43  46            8
 43  47            7
 43  48           10
 43 395            4
 44  47           10
 44  48           10
 44  49            3
 44 293            1
 44 423            3
 44 465           10
 45  46            1
 45  47            6
 45  48            1
 45  49            6
 45  50            4
 46  48            6
 46  49            3
 46  50           10
 46 144            9
 46 153            8
 46 495            2
 47  48            3
 47  49            5
 47  50            8
 47  51            3
 47  52            3
 48  50            9
 48  51           10
 48  52            5
 48  53            8
 48 270            8
 48 403           10
 49  50            4
 49  52            9
 49  53            1
 49  54            9
 49 305            1
 49 312           10
 49 484            8
 50  51            8
 50  52            3
 50  54            3
 50  55            1
 50 169            2
 50 187            8
 50 233            5
 50 476            5
 51  52            8
 51  54            4
 51  55            1
 51  56            5
 51 430            8
 52  53            9
 52  54            3
 52  57            3
 52 152            8
 52 281            4
 53  54            7
 53  55           10
 53  56            4
 53  57           10
 53  96            4
 53 333            5
 53 474            3
 54  55            3
 54  56            3
 54  57            6
 54  58            4
 54  59            5
 54 191           10
 55  56            3
 55  57            3
 55  58            5
 55  59            3
 55  60            8
 55 382           10
 56  57            6
 56  58            2
 56  59            4
 56  60            6
 56  61           10
 57  58            6
 57  59            4
 57  60            8
 57  61            5
 57  62            6
 57 212            2
 58  59            6
 58  60            2
 58  61            6
 58  62            2
 58  63            6
 58 258            4
 59  60            5
 59  62            8
 59  63            4
 59  64            7
 59 420            3
 60  61            4
 60  62            4
 60  65            5
 60 341            1
 60 451            9
 60 458            7
 61  62            2
 61  63            1
 61  64            8
 61  65            5
 61  66            8
 62  64            8
 62  65            9
 62  66            8
 62  67            9
 62 149            5
 63  64            3
 63  65            3
 63  66            6
 63  67            6
 63  68            3
 63 191            5
 64  65            9
 64  66            8
 64  67            5
 64  68            3
 64 149            5
 64 409            2
 65  66            6
 65  67            9
 65  68            9
 65  69            7
 65  70            7
 66  67            6
 66  68            5
 66  69            6
 66  70            4
 66  71           10
 66 349            5
 66 357            2
 67  68            8
 67  69            6
 67  70            6
 67  71            4
 67  72            4
 68  70            1
 68  71            7
 68  72            9
 68  73            2
 68 128            5
 68 166            8
 68 177            7
 69  70            6
 69  72            8
 69  73            6
 69  74            3
 69 230            6
 70  71            8
 70  72            1
 70  73            9
 70 207            2
 70 299            3
 71  72            4
 71  73            4
 71  74            7
 71  75            5
 71  76            5
 71 255            8
 72  73            7
 72  75            4
 72  76           10
 72  77            7
 72 312            5
 73  74            2
 73  75            4
 73  76            2
 73  78            1
 73 140            3
 73 465            1
 74  75            5
 74  76            2
 74  77            2
 74  78            9
 74  91            3
 74 382            3
 75  77            1
 75  78            3
 75  79            1
 75  80           10
 75 425            4
 75 498            7
 76  77            9
 76  78            7
 76  79            8
 76  80            9
 76  95            4
 76 337            1
 77  78            7
 77  79           10
 77  80            9
 77  82            7
 77 419            3
 77 458            4
 78  79            4
 78  80            8
 78  81            7
 78  82            8
 78  83            6
 78 171            7
 78 411            3
 79  80            8
 79  81            8
 79  82            5
 79  83            4
 79 471            4
 80  82            3
 80  83            6
 80  84            8
 80  85            3
 80 274            1
 80 361            9
 80 496            9
 81  82            9
 81  83            7
 81  84           10
 81  85           10
 81 328            6
 81 397            5
 82  83            4
 82  84            3
 82  86            4
 82  87            1
 82 398            2
 83  84            8
 83  86            1
 83  88            3
 83 178            4
 83 263            1
 84  85            4
 84  87            6
 84  88            1
 84  89            6
 84 353            5
 84 384            1
 84 428            1
 85  86            2
 85  87            3
 85  88            3
 85  89            1
 85  90            3
 85 260            5
 85 453            1
 86  87            7
 86  88            9
 86  89            7
 86  90            7
 86  91            8
 87  90            6
 87  91            7
 87  92            8
 87 114            5
 87 439            8
 88  89            3
 88  90           10
 88  91            6
 88  92            2
 88  93            9
 89  90            1
 89  91            8
 89  92            3
 89  93            7
 89 217            6
 89 242            9
 89 372            9
 90  91            3
 90  92           10
 90  93            7
 90  94            7
 90  95            8
 91  92            9
 91  93            1
 91  94            2
 91  95            2
 92  94            3
 92  97            6
 92 128           10
 92 250            4
 92 270            2
 92 459            9
 93  94           10
 93  95            3
 93  96            9
 93  97            4
 93  98           10
 93 388            6
 94  95            3
 94  96            2
 94  97           10
 94  98            3
 94 185            8
 94 374            6
 95  96            8
 95  97            3
 95  98            6
 95 100            3
 95 371            6
 96  99            9
 96 100            9
 96 101            6
 96 159            6
 97  98            5
 97  99            8
 97 100            1
 97 102            8
 98  99            9
 98 100            4
 98 101            1
 98 194            8
 98 321            8
 98 339            5
 99 100            4
 99 101            9
 99 102            6
 99 103            9
 99 104           10
100 103           10
100 104            3
100 105            7
100 186            9
100 302            5
101 102            3
101 103           10
101 104            2
101 105            9
101 106            1
102 103            9
102 105            4
102 106           10
102 162            2
102 406            9
102 455           10
103 104            9
103 106            2
103 107            3
103 108            2
103 173            3
104 105            4
104 106            6
104 107           10
104 108           10
104 109            1
105 106           10
105 108           10
105 109            8
105 146            1
105 357           10
106 107            6
106 108            6
106 152            6
106 213           10
106 412            8
107 109            7
107 110           10
107 112            3
107 143            9
107 207            8
108 109            5
108 110            2
108 111            9
108 112            5
108 113            5
108 204            9
108 273            5
109 110            5
109 111            1
109 112            2
109 113           10
109 114            4
109 183            7
109 230            3
110 112            6
110 113            9
110 114            1
110 115            8
110 122            6
111 112            9
111 113            3
111 114            8
111 115            2
111 116            5
112 114            1
112 115            1
112 116            5
112 117            9
112 429            6
113 115            1
113 116            8
113 117           10
113 118            7
113 430           10
113 444            5
114 115            7
114 116            1
114 117            7
114 119            2
114 245            9
115 116            5
115 117            1
115 118            7
115 119            7
115 120            3
116 117            5
116 118            6
116 119            2
116 120            6
116 121            4
117 118            6
117 120            5
117 121            7
117 122            7
117 130            4
117 156            1
117 192           10
118 119            7
118 120            4
118 121            7
118 122            6
118 158            8
119 120           10
119 121            6
119 122            8
119 123            9
119 124            1
120 121            2
120 124            8
120 125            7
120 449            6
120 485            7
121 122            7
121 123           10
121 124            2
121 125            9
121 233            8
121 353            7
122 123            3
122 124            7
122 125            6
122 126            7
122 127            9
123 124           10
123 125           10
123 126            5
123 127            9
123 128           10
124 125            7
124 126            5
124 127            3
124 128            7
124 129            1
125 126            3
125 127            4
125 128            7
125 129            6
125 130            7
126 127            6
126 128            7
126 129            5
126 130            2
126 131            7
126 142            5
127 128            9
127 129            3
127 130            7
127 131            2
127 391            1
128 129            3
128 130            6
128 132            9
128 133            6
128 369            9
129 130           10
129 131            5
129 132            8
129 133            8
129 165            6
130 131            8
130 132            1
130 133            8
130 134            2
130 135            6
130 306            5
131 134           10
131 135            1
131 136            9
131 382            9
131 497            7
132 133            9
132 134            2
132 135            9
132 136            2
132 137            8
132 261            4
133 134            5
133 135            9
133 136            4
133 137            5
133 138            5
133 179            7
133 481            8
134 135            1
134 136            1
134 138            2
134 139            7
134 465            9
135 136            9
135 137            7
135 138            2
135 139           10
135 140            8
135 424            2
136 137            3
136 138            9
136 139            5
136 140            5
136 141            2
137 138            9
137 139            3
137 140           10
137 141            3
137 142            9
138 139            4
138 140            7
138 141            4
138 143            6
138 383            5
139 140            2
139 141            5
139 142            7
139 143            8
139 144            3
140 141            5
140 142            4
140 231            5
140 402            4
140 449            4
141 142            9
141 143            6
141 144            7
141 145            5
141 146            4
142 143            6
142 144            4
142 146            6
142 147            2
143 144            3
143 146            8
143 147            8
143 148            8
143 176            4
143 474            5
144 145            5
144 146            4
144 147            7
144 148            7
144 149            9
144 499            1
145 146            6
145 147            9
145 148            4
145 149            6
145 150           10
146 147            4
146 148            2
146 149            6
146 150            7
146 151            7
147 148            4
147 150            3
147 151            8
147 152            9
148 149            8
148 150            9
148 151            3
148 152            4
148 153           10
149 151            5
149 152            7
149 153            1
149 154            5
149 182           10
150 151            2
150 152            1
150 153            1
150 154            4
150 155            5
151 152            2
151 153           10
151 154            6
151 155            9
151 156           10
151 227            4
151 240            3
151 468           10
152 153            6
152 154            6
152 157            4
152 294            5
152 398            1
153 154            2
153 156            1
153 157            4
153 158            5
153 268            1
154 155           10
154 156           10
154 157            3
154 159            4
154 500            7
155 156            9
155 157            6
155 158            9
155 159           10
155 160            6
156 157            2
156 159            3
156 160            6
156 161            3
157 158            6
157 159           10
157 160            4
157 162            8
157 378            4
158 159            4
158 160           10
158 161            1
158 163            6
158 328            6
159 160            7
159 161            1
159 164           10
159 246            1
159 345            4
159 383           10
159 495            6
160 161            4
160 162            5
160 163            4
160 164            9
160 165            6
161 162            6
161 163            5
161 164           10
161 165            6
161 166            1
162 163            9
162 164           10
162 165            1
162 166           10
162 167           10
163 165            9
163 166            2
163 167            4
163 188            9
163 402            5
164 165            9
164 167            3
164 168            6
164 169            8
164 187            2
164 319            5
165 166            9
165 167            6
165 168           10
165 169            3
165 170            5
165 196            6
165 236           10
166 168            5
166 171            8
166 178            9
166 328            6
167 168           10
167 169            3
167 170            2
167 171            3
167 172            7
168 169            5
168 170           10
168 171            3
168 173            4
168 264            5
168 303            8
169 170            6
169 172            5
169 173            8
169 174            2
170 171            6
170 173            2
170 174            3
170 175            9
170 243            1
171 172            7
171 173            3
171 175            4
172 173            5
172 174            2
172 175            9
172 176           10
172 177            3
173 174            3
173 175            9
173 176            4
173 177            2
173 178            9
173 416            8
174 175           10
174 176            7
174 177            4
174 178            7
174 179            9
175 176            1
175 177            1
175 178            4
175 179           10
175 180            2
176 177            2
176 178            4
176 180            2
176 181            6
176 372           10
177 178            6
177 179            8
177 180            2
177 181            6
177 182            3
177 450            6
178 179            2
178 180            5
178 181            1
178 182            8
178 183            1
179 180            6
179 181            5
179 183            1
179 184            7
180 181            6
180 182           10
180 184            1
180 185            8
180 195            2
180 303            3
180 431            5
180 492            7
181 182            7
181 183            3
181 184            1
181 185            8
181 466            3
182 183            4
182 184            1
182 185           10
182 187            6
183 184            3
183 186            8
183 187            8
183 188            7
184 185            1
184 186            1
184 187            2
184 188            5
184 402            1
185 186            8
185 187            3
185 188            6
185 189            2
185 284            4
185 336           10
185 345            3
186 187            4
186 188            6
186 189            6
186 190            3
186 191            3
187 188            6
187 191            6
187 192            8
188 189            6
188 190            7
188 191            3
188 192            7
188 193            5
188 224           10
189 190            8
189 191            6
189 192            4
189 193            1
189 194            1
189 230            1
190 191            6
190 192            2
190 193            5
190 194            7
190 195            6
191 193            8
191 194           10
191 195            5
192 193            7
192 195            8
192 196            5
192 197            6
193 194            8
193 195           10
193 196            4
193 197            9
193 198            4
194 195            1
194 196            4
194 197            6
194 199            4
195 196            1
195 197           10
195 198            8
195 199            2
196 199           10
196 200            2
196 201           10
196 453           10
197 199            4
197 200            7
197 201            6
197 202            8
198 199            8
198 200            8
198 201            3
198 202            9
198 203            4
199 200            1
199 201            1
199 202            8
199 204            2
199 312            4
199 371           10
200 201           10
200 202           10
200 203            5
200 205            8
201 203            4
201 204            4
201 205            6
201 206            1
202 204            9
202 205            6
202 206            5
202 207           10
202 334            3
202 362            5
202 496            8
203 204            9
203 205           10
203 206            7
203 207            2
203 208            5
204 205            6
204 206            2
204 207            3
204 209            9
205 206           10
205 207            4
205 208            3
205 209            4
205 210            7
206 207            2
206 208            4
206 209            8
206 210            9
206 211            6
207 208            8
207 209            9
207 210            7
207 211            6
207 212            2
208 209           10
208 210            5
208 211            9
208 212            2
208 213            3
209 210            8
209 211            5
209 212            2
209 214            1
210 211           10
210 212            3
210 213            9
210 214            5
210 215            8
210 314            3
210 486            3
211 212            5
211 213            3
211 214           10
211 215            1
211 216            2
212 213            7
212 214            2
212 215            2
212 216           10
212 361            6
213 214            3
213 216            3
213 217            5
213 218            8
213 319            9
214 215            8
214 216            4
214 217            3
214 218            5
214 219            9
215 216            8
215 217            1
215 218            4
215 219            7
215 220            1
216 217            7
216 219           10
216 220            1
216 221            9
217 218            9
217 219            2
217 220            6
217 221            9
217 222           10
218 219            7
218 220           10
218 221            8
218 223            6
218 420            1
218 447           10
219 220           10
219 221            9
219 222            6
219 223           10
219 224            6
220 221            4
220 222           10
220 223            4
220 224            3
220 225           10
220 324            3
221 222            8
221 223            3
221 224           10
221 225            7
221 490            3
221 496            6
222 223            9
222 224            3
222 225            2
222 226            7
222 227            6
223 224            7
223 225            2
223 226            6
223 227            3
223 228            5
223 260            9
224 225            1
224 226            7
224 227            2
224 497            2
225 226            7
225 227            7
225 228            3
225 229            7
225 230            3
226 227            8
226 228            7
226 229            5
226 230            7
226 231            3
227 228            5
227 229            5
227 230            7
227 232            1
227 365           10
228 229            3
228 230            3
228 232            5
228 233            3
228 333            3
228 481            3
229 230            5
229 231            2
229 232           10
229 233           10
229 234            3
229 382            1
230 232            6
230 233            9
230 235            8
230 426            2
231 232            9
231 234            2
231 235            8
231 236           10
232 234            6
232 235            1
232 236            7
232 237            9
232 386            7
233 235            9
233 236            1
233 238            8
233 432            7
234 235            3
234 236            7
234 237            4
234 238            7
234 320            8
234 334            6
235 236            2
235 237            4
235 238            2
235 239            6
235 240            2
236 237            1
236 238            1
236 239           10
237 238            8
237 240            2
237 241            3
237 242            5
237 334            1
237 358            2
237 424            3
238 239            6
238 241            7
238 242            1
238 243            2
238 443            7
239 240            7
239 241            2
239 242            9
239 243            7
239 244            7
239 400            8
240 241            1
240 242            4
240 243            2
240 244            6
241 242            3
241 243            2
241 244            6
241 245            1
241 246            1
241 471            6
242 243            9
242 245            2
242 246            6
242 247            5
243 244            8
243 245           10
243 246            2
243 247            5
243 248            4
243 488            5
244 245           10
244 246            1
244 247            6
244 248            4
244 249            9
245 246            4
245 248            5
245 249            7
245 250            8
246 247            6
246 248            3
246 249            5
246 250            1
246 251            9
247 248            2
247 249            3
247 250           10
247 251            3
247 252           10
248 249            8
248 250            4
248 251            8
248 252            7
248 253            2
248 385           10
249 250            6
249 251            7
249 252            4
249 253            8
249 254            8
249 390            4
250 251            2
250 252            6
250 253            1
250 255            8
250 304            3
251 252            4
251 253            3
251 254            8
251 255           10
251 256            3
251 410           10
252 253            5
252 254            6
252 255            1
252 256            5
252 257            3
253 254            8
253 255            3
253 256            4
253 257            7
253 258            1
253 407            6
254 255            7
254 256           10
254 257            2
254 258            3
254 259            1
255 256            6
255 257           10
255 258            9
255 259            5
256 257            9
256 258            2
256 259            9
256 260            7
256 261            1
257 258            7
257 259            2
257 260            1
257 261            8
257 262            2
258 260           10
258 262            2
258 263            5
258 337            7
258 403            4
259 260            5
259 261            9
259 263            6
259 264            1
259 495            1
260 262           10
260 263            5
260 264            5
260 367            9
261 262            8
261 263           10
261 264            9
261 266            1
262 264           10
262 265            6
262 266            4
262 267            7
263 265            5
263 266            7
263 267            2
263 268            5
263 394            5
264 265           10
264 266            1
264 267            3
264 268            4
264 269            9
264 286           10
264 443            6
265 266           10
265 267            1
265 268            3
265 270            8
265 383            5
265 475            1
266 267            3
266 268           10
266 269            2
266 270            2
266 271            4
267 268            9
267 269            9
267 270            3
267 271            1
267 272            2
268 269            2
268 270            6
268 271            5
268 272            1
269 270            7
269 271           10
269 274            9
269 352            1
269 398            9
270 271           10
270 272            6
270 273            4
270 274            7
270 275            4
270 288            2
270 366            8
270 485            4
271 272            4
271 273            1
271 274           10
271 275           10
271 276            6
272 273            1
272 274            6
272 275            2
272 276            9
272 277            5
273 274            6
273 276           10
273 277            8
273 278            3
274 275            9
274 276           10
274 277            7
274 279            6
274 481            6
275 276            1
275 277            1
275 278            8
275 279           10
275 280            4
275 394            5
276 277            7
276 278            8
276 280            7
276 281            7
276 395            8
277 278            7
277 279            5
277 280            2
277 281            1
277 282            7
278 279           10
278 280           10
278 281            4
278 282            9
278 283            7
278 466            2
279 280            6
279 281            2
279 282           10
279 284            8
279 496            4
280 281            2
280 282            9
280 283            1
280 284            5
280 285            5
281 282            6
281 283            8
281 286            6
281 459            2
281 465            6
282 283            6
282 284            2
282 285            1
282 286            4
282 287            6
283 284            3
283 285           10
283 286            7
283 287            7
283 288            5
284 285            7
284 286            5
284 287            8
284 289            7
285 286            2
285 287            4
285 289           10
285 290            6
285 298            7
286 287            4
286 289            5
286 290            7
286 291            3
287 288            1
287 289            4
287 291            3
287 292            9
287 361            3
287 384            4
287 456            1
288 290           10
288 291           10
288 292            3
288 293            4
289 290            4
289 291            5
289 292            7
289 293            3
289 344            5
289 375            9
290 291            1
290 292            5
290 293            8
290 294            9
290 295            7
291 292            6
291 293            8
291 294            4
291 295            2
291 296            5
291 309            9
291 414            9
292 293            1
292 294            6
292 295            1
292 296           10
292 297            5
292 499            8
293 294            7
293 295           10
293 296            7
293 297            4
293 298            7
294 295            3
294 296            4
294 297            3
294 298            7
294 299           10
294 465            4
295 296            1
295 297            3
295 298            2
295 299            7
295 300            8
296 297            5
296 298            4
296 299            5
296 300            6
296 429            1
297 298            2
297 299            4
297 300            3
297 301            3
297 395            5
298 299            9
298 301            2
298 302            7
298 303            2
298 463            2
299 300            4
299 301           10
299 302           10
299 303            4
299 304            7
299 458            4
300 301           10
300 302            4
300 303            1
300 304            1
300 305           10
301 302            6
301 303            6
301 304            2
301 305            3
301 306           10
302 303            9
302 304            4
302 305            8
302 306            6
302 307            8
303 304            4
303 307            6
303 308            1
304 305            6
304 306            4
304 307            3
304 308            5
304 309            4
305 306           10
305 307            1
305 308            3
305 309            4
305 310            6
306 307            3
306 308            5
306 309            1
306 311            6
306 477            6
307 308            6
307 309            1
307 310            3
307 312            2
307 467            6
308 309            5
308 310            8
308 311            8
308 312            9
308 313            4
309 311            4
309 312            1
309 313            3
309 314            8
310 311            6
310 312            4
310 313            6
310 314            9
310 315            9
311 312            4
311 313            2
311 314            3
311 315            5
311 316            8
312 314           10
312 315            5
312 316            9
313 314            3
313 315            1
313 316            3
313 317            2
313 318            4
313 404            9
314 315            1
314 316            2
314 317            1
314 318            1
315 316            2
315 318            4
315 319            7
315 320            6
315 394            6
316 317            1
316 318            2
316 320            2
316 321            7
316 413            3
317 318            5
317 319            2
317 320            5
317 321            1
317 322            4
318 319            2
318 320            5
318 322            6
318 323            7
318 373            5
319 320            7
319 321            5
319 322            1
319 323            7
319 376            9
319 484            5
320 321            6
320 322            2
320 323            1
320 324            9
320 325            8
321 322            7
321 323            9
321 324            5
321 325            4
321 326            9
322 323            2
322 325            5
322 326            6
322 327            5
322 381            9
323 324            6
323 325            8
323 326            8
323 327            4
323 328            6
324 325            7
324 326            4
324 328           10
324 329            9
325 326            9
325 327            1
325 328            1
325 329            9
325 330            4
326 327           10
326 328            9
326 329            7
326 330            4
326 331            9
327 328            2
327 329           10
327 330            1
327 331            4
327 360           10
328 331            1
328 332            6
328 333            2
328 424            1
329 331            3
329 332            8
329 333            8
329 334            4
329 433            6
329 461            5
330 332            3
330 334            5
330 335            1
330 398            8
331 332            5
331 333            2
331 334            6
331 335            8
331 336            4
332 333            8
332 334           10
332 335            9
332 336            8
332 337            5
333 334            4
333 335            2
333 337            3
333 338            4
333 372           10
334 335            1
334 338            4
334 448            4
335 336            6
335 337            9
335 338            9
335 339            9
335 340            1
336 337            5
336 338            3
336 339            3
336 340            6
336 341            1
336 484           10
337 339            1
337 340            4
337 341            5
337 342            7
338 339            9
338 340           10
338 341           10
338 342           10
338 343           10
339 340            6
339 341            1
339 342            7
339 343            8
339 344            4
339 364            9
340 341            6
340 342            9
340 343           10
340 344            4
340 416            5
341 342            3
341 343           10
341 344            2
341 345            6
341 346            5
342 343            1
342 344            2
342 345           10
342 346            8
342 347            3
342 484            1
343 344           10
343 345            9
343 346            1
343 347            1
343 348            8
343 448            6
344 346            2
344 347            5
344 348            3
344 349            4
345 346           10
345 347            6
345 349            4
346 347            5
346 348            2
346 349            2
346 350            8
346 351            1
347 348            5
347 349            6
347 351            3
347 446            6
347 489            3
348 349            7
348 350            9
348 352            6
348 353            7
348 385            5
349 351            6
349 352            3
349 353            4
349 354            3
350 351            4
350 352            6
350 353            6
350 354            2
350 355            2
351 352            9
351 353           10
351 354            5
351 356            2
351 402            4
352 354            1
352 355            4
352 356            2
352 357            7
352 470            8
353 358            9
353 491            7
354 355            9
354 357           10
354 358            4
354 359           10
354 365            5
355 356            2
355 357            1
355 358            3
355 359            7
355 360            8
355 475            5
356 357            8
356 359            4
356 360            6
356 361            3
356 482            9
357 358            1
357 359            6
357 361            5
357 383            5
358 359            5
358 360            8
358 361            2
358 407            2
359 360            4
359 361            5
359 362            7
359 363            8
359 364            2
360 361            7
360 362            3
360 363            2
360 364            9
360 365            4
361 362            1
361 366            7
362 363            8
362 364            5
362 366            3
362 367            3
362 471            8
363 364            8
363 365            6
363 366            4
363 367            3
363 368            1
364 366            7
364 367            3
364 368            7
364 369            6
365 367            4
365 368           10
365 369            9
365 370            7
366 369            2
366 370            1
366 371            4
366 452            6
367 368            3
367 369            3
367 370            9
368 369            8
368 370            6
368 371           10
368 372           10
368 373            5
369 370            2
369 372            7
369 373            6
369 374            9
370 371            9
370 372            8
370 373            7
370 374            4
370 375            4
371 372            9
371 373            7
371 374            3
371 375            6
371 376            5
371 466            5
372 373            1
372 376            9
372 377            4
373 374            6
373 375            6
373 376            1
373 377            6
373 378           10
374 377            9
374 379            1
374 446           10
375 376            1
375 377            8
375 378            4
375 379            7
375 380            4
375 421            3
376 378            8
376 379           10
376 380            7
376 381           10
377 379            7
377 380            6
377 382            2
377 391           10
377 473            9
378 379           10
378 380            5
378 381            3
378 383            6
378 493            4
379 380            6
379 381            2
379 382            1
379 383            1
379 384            7
380 381            2
380 382            8
380 383            6
380 384            4
380 385            3
381 382            1
381 383           10
381 384            3
381 385            4
381 386            9
382 385            6
382 386            2
382 387            9
383 384            9
383 385            3
383 387            2
383 388            4
384 385           10
384 386            5
384 388            7
384 389            6
385 386            5
385 387            2
385 389            8
385 390            9
386 387            2
386 388            8
386 389           10
386 390            1
386 391            4
387 388            6
387 389            4
387 390            9
387 391            1
387 392            3
387 399            6
388 389            5
388 390            8
388 391            8
388 392            9
389 390            2
389 391            3
389 392            2
389 393            8
389 394            4
390 391            8
390 393            2
390 394            5
390 395            5
391 392            2
391 393           10
391 394            4
391 395            5
391 396            4
391 438            7
392 393           10
392 394            3
392 395            1
392 396            4
392 397            8
393 394           10
393 395            8
393 396            6
393 397            6
393 398            4
394 395            5
394 396            3
394 397            4
394 399            3
395 396            4
395 397            6
395 398            2
395 399            1
395 400            6
396 397            6
396 398            9
396 399            2
396 400           10
396 401            6
397 398            8
397 399            9
397 400            4
397 401            7
397 482            7
398 399            2
398 400            6
398 401            5
398 402            4
398 403            4
399 400            2
399 401            2
399 402            6
399 404            1
399 419            9
400 401            1
400 404            3
400 405            7
400 479            9
401 402            4
401 403            5
401 404            5
401 405            2
401 406            4
402 403            5
402 404            8
402 405            8
402 406            7
402 407            4
403 404            7
403 405            2
403 408            5
404 405            9
404 407            4
404 408            8
404 409            3
405 406           10
405 407            1
405 408            8
405 409           10
405 410           10
406 407            9
406 409            6
406 410            2
406 411            2
407 409            4
407 410            4
407 412            3
408 409           10
408 410            9
408 411            8
408 412            2
408 413            4
409 410            9
409 411            2
409 412            1
409 413            7
409 414            4
410 411            6
410 414            9
410 415            1
410 426            2
411 412           10
411 413            9
411 415            8
411 416            7
412 414            4
412 415            9
412 416            5
412 417           10
412 454            1
413 414            6
413 415            6
413 416            7
413 417            1
413 418            6
414 415            1
414 417            2
414 418            6
414 419            6
415 416            1
415 418            5
415 419            4
415 420            3
415 454            3
416 417            7
416 420            6
416 421            2
416 478            6
417 418            8
417 419            9
417 420            3
417 421            6
417 422            8
418 419            5
418 420            7
418 421           10
418 423            2
418 432            1
419 421            6
419 422           10
419 424            9
419 451            8
420 421            1
420 422            3
420 423           10
420 424            8
420 425            6
421 423            3
421 424            1
421 425            1
421 426            4
422 423           10
422 424            7
422 425            2
422 426            4
422 427            6
423 424            3
423 425            9
423 427            2
423 428            9
423 464            2
424 425            2
424 426            5
424 427            8
424 428            8
425 426            4
425 427            2
425 428            6
425 429            2
425 430            7
426 428           10
426 429            5
426 430            2
426 431            1
427 428            6
427 429            6
427 430            9
427 431            8
427 432            8
428 429            9
428 430            2
428 432           10
428 433            5
429 430            1
429 431            7
429 432            2
429 433            1
429 434            3
430 433            5
430 434           10
430 435            4
431 432            7
431 433            8
431 434            2
431 435            9
432 433            5
432 434            4
432 435            9
432 436           10
432 437            7
433 434            1
433 435            3
433 436            5
433 437            4
433 438            8
434 435            7
434 437            6
434 438            1
434 439            1
434 477            8
435 436            2
435 437            3
435 438            7
435 439            9
435 440            8
436 437            1
436 438            5
436 439            9
436 440            1
436 441            5
437 438            8
437 439            2
437 440            1
437 441           10
437 442           10
437 469            6
438 439            3
438 441            5
438 442            6
438 443            8
439 440            6
439 441            5
439 442           10
439 443            3
439 493            6
440 441            1
440 442            8
440 443            1
440 444            9
440 445            5
441 442            7
441 443           10
441 444            8
441 445            2
441 446            6
441 499            5
442 443            8
442 444            1
442 445            7
442 446            9
442 447            3
443 444            5
443 445            1
443 446           10
443 448            2
444 445            5
444 446            9
444 447            5
444 448            6
444 449            9
445 446            7
445 447            8
445 448           10
445 449            3
445 450            6
446 447           10
446 448            8
446 449            6
446 450            4
446 451            5
447 448            1
447 449            7
447 450            1
447 451            2
448 449            6
448 451            2
448 452            2
449 450            9
449 451            2
449 452           10
449 453            4
450 451            5
450 453            8
450 454            9
450 455            6
451 453           10
451 454            8
451 455           10
452 453            2
452 454            1
452 455            3
452 456            7
452 457            9
453 454            7
453 455            3
453 456            8
453 458            2
454 455            2
454 456            5
454 457            5
454 458            2
454 459            3
455 456            9
455 457            3
455 458            6
455 459            4
455 460            1
456 457            1
456 458            9
456 459            4
456 461            2
457 458            4
457 459            3
457 460            7
457 461            2
457 462            8
458 459            5
458 460            2
458 462            9
458 463            3
459 460            3
459 462            8
459 463            6
459 464            3
460 461            6
460 462           10
460 463            7
460 464            6
460 465            9
461 463            1
461 464            3
461 465            8
461 466            9
462 463            7
462 465            7
462 466            3
462 467            4
463 464            5
463 465            6
463 466            7
463 468            2
464 465            9
464 466            6
464 467            7
464 469           10
465 466           10
465 467            5
465 469            7
465 470            9
466 467            6
466 468            5
466 469            2
467 468            5
467 469            1
467 470            8
467 471            2
467 472            5
467 496            5
468 469            6
468 470            9
468 471           10
468 472            2
469 470            5
469 472            6
469 473            6
469 474            1
470 471           10
470 472            9
470 473            8
470 474            3
470 475            5
471 473            5
471 475            8
471 476            7
472 473            8
472 474            1
472 475            5
472 476            6
472 477           10
473 474            1
473 475            4
473 476            5
473 477            6
473 478            2
474 477            8
474 478            3
474 479            3
475 477            2
475 478            6
475 479            7
475 480            5
476 477            1
476 478            2
476 479            8
476 480            1
476 481            2
477 479           10
477 480            4
477 481            5
477 482            7
478 479           10
478 480            9
478 481            7
478 482            5
478 483            6
479 480            9
479 481            7
479 482            6
479 483           10
479 484           10
480 481            4
480 482           10
480 483            5
480 484            4
480 485            6
481 483            8
481 484            7
481 486            6
482 483            7
482 484            6
482 485            9
483 484            5
483 485            2
483 486           10
483 487            5
483 488            3
484 488            6
484 489            7
485 486            5
485 487            2
485 489            1
485 490            9
486 487            2
486 488            3
486 490            2
486 491            7
487 488            9
487 489            5
487 490            9
487 491            4
487 492           10
488 490            1
488 491            5
488 492            2
488 493            6
489 490            4
489 491            3
489 492            2
489 493            9
489 494            4
490 491            1
490 493            7
490 494            3
490 495            2
491 492            6
491 493            9
491 494            2
491 495            2
491 496            7
492 493            5
492 494           10
492 495            9
492 496            5
492 497            1
493 494            8
493 495            5
493 496            5
493 497            5
493 498            7
494 495            4
494 496            9
494 497            8
494 498            6
494 499            7
495 497            4
495 498            1
496 498            7
496 499            2
496 500            9
497 498            6
497 499            2
497 500            4
498 499            5
498 500            1

