50
  1   3            8
  1   7            7
  1  10            9
  1  15            6
  1  27           10
  1  28            9
  1  40            7
  2   4            2
  2   8            4
  2   9            1
  2  16            7
  2  23            2
  2  28            2
  2  32            8
  2  39           10
  2  43            5
  2  47            6
  2  49            6
  2  50            2
  3   4            3
  3   7            2
  3   8            3
  3   9           10
  3  10            7
  3  19            2
  3  40            6
  3  45            9
  3  48            8
  4  17            3
  4  22            7
  4  28            2
  4  32            3
  4  43            8
  4  45            2
  4  46           10
  5   7            3
  5   9            2
  5  12            1
  5  14            9
  5  18            3
  5  30            1
  5  48            6
  5  49            3
  6   7            7
  6   8            7
  6  15            4
  6  17            5
  6  30            6
  6  44            4
  6  45           10
  6  46            7
  7   9            3
  7  13            5
  7  14            4
  7  25            2
  7  28            8
  7  29           10
  7  32            6
  7  33            8
  7  39           10
  7  40           10
  7  46           10
  8  10            9
  8  16            6
  8  17            4
  8  22            1
  8  23            4
  8  25            1
  8  27            1
  8  29            6
  8  32            7
  8  33           10
  8  36            8
  8  39           10
  8  44            1
  8  47            7
  9  11            6
  9  15           10
  9  19            1
  9  23            7
  9  26            2
  9  30            4
  9  38            9
  9  44           10
  9  45            4
 10  12            5
 10  15            5
 10  23            8
 10  39            9
 10  45            8
 11  15            7
 11  17            5
 11  24            7
 11  28           10
 11  29            9
 11  42            1
 11  43            4
 12  14            4
 12  15            7
 12  33            8
 12  34            2
 12  40            6
 12  41            4
 12  50            2
 13  14            1
 13  18            6
 13  20            7
 13  49            3
 13  50            2
 14  17            6
 14  23           10
 14  26            8
 14  27           10
 14  33            7
 14  35            4
 14  39            2
 14  41            4
 15  16            3
 15  21            9
 15  38            6
 15  41            6
 16  19            5
 16  20            3
 16  23            5
 16  24           10
 16  31           10
 16  35            7
 16  37            9
 16  43            3
 17  22            5
 17  25           10
 17  27            6
 17  32            6
 17  35            4
 17  36            9
 17  48           10
 18  25           10
 18  26            8
 18  39            6
 18  43            7
 18  46           10
 19  20            1
 19  23            2
 19  24            7
 19  29            8
 19  31            7
 19  50            2
 20  22            1
 20  25            8
 20  26            7
 20  35            3
 20  42            3
 20  46            9
 20  50            5
 21  26            3
 21  30            8
 21  32            9
 21  35            2
 21  36            8
 21  39            4
 21  44           10
 21  47            3
 22  24           10
 22  29           10
 22  33            1
 22  46            5
 23  29           10
 23  31           10
 23  50            9
 24  28            4
 24  36            5
 24  41            6
 24  45            6
 24  48           10
 25  33            6
 25  36            1
 25  38            8
 25  42            5
 25  45            5
 25  50            4
 26  27            4
 26  28            4
 26  33            6
 26  37            1
 26  44            4
 27  32            9
 27  40            1
 27  48            3
 27  50            4
 28  36           10
 28  45           10
 28  50            3
 29  30           10
 29  33            7
 29  34            2
 29  36            3
 29  37            1
 29  38            7
 29  40            4
 29  43            7
 30  32            5
 30  36            9
 30  43            4
 30  48            8
 30  49            1
 31  33            8
 31  34           10
 31  35            4
 31  40            9
 31  48            8
 31  49            6
 32  37            4
 32  39            5
 32  41            5
 32  45            9
 32  46            9
 32  48            1
 32  49            9
 33  34            6
 33  35            2
 33  41            8
 34  35            5
 34  37            2
 34  38           10
 34  46            4
 35  40            6
 35  42            4
 36  41            6
 36  45            9
 37  41            6
 37  42            4
 37  49            1
 38  39            2
 38  41            4
 38  42            5
 39  45            2
 39  47           10
 40  43            3
 41  49            8
 42  44            4
 43  44            6
 43  50            7
 44  46            6
 44  48            3
 44  49            9
 45  48            6
 46  50            3
 47  48            1
 47  50            9
 48  49            3
