100
  1   2            5
  1   9            2
  1  11            9
  1  21            7
  1  25            6
  1  27            2
  1  28            9
  1  34            4
  1  35            1
  1  36            8
  1  39            4
  1  40            6
  1  41            7
  1  47            7
  1  50            5
  1  61           10
  1  86            3
  1  93            9
  1  96            8
  1  98            6
  2   4            5
  2   5            6
  2   7           10
  2   8            8
  2   9            9
  2  12            4
  2  14            3
  2  24            9
  2  43            2
  2  53            9
  2  57            4
  2  60            1
  2  61            4
  2  75            5
  2  81            5
  2  82            3
  2  84            9
  2  89            3
  2  90            8
  2  92            1
  2  96            2
  2  97            8
  3  12            1
  3  13            3
  3  32            8
  3  37            4
  3  38            5
  3  45            9
  3  49            1
  3  55            4
  3  70           10
  3  74            6
  3  79            4
  3  84            4
  3  90            2
  3  98            4
  4   7            5
  4   8            2
  4  13            5
  4  19            2
  4  20            1
  4  29            8
  4  48            4
  4  50            2
  4  57            9
  4  58            8
  4  62            1
  4  64            8
  4  69            3
  4  76            7
  4  81            5
  4  87            7
  4  89            9
  4  90            9
  4  92            9
  4  95            9
  5  12            2
  5  13            8
  5  25            6
  5  26           10
  5  29            4
  5  34            2
  5  36            7
  5  37            6
  5  38            7
  5  42            7
  5  43            1
  5  63            9
  5  69            2
  5  86            3
  5  94            1
  5  98            7
  6  10            1
  6  12           10
  6  13            5
  6  14            3
  6  15            7
  6  25            6
  6  30            1
  6  33            6
  6  35           10
  6  38            1
  6  46            9
  6  51            6
  6  56            9
  6  60            1
  6  61            1
  6  63            6
  6  66            5
  6  77            8
  6  80            9
  6  88            6
  6  97           10
  6  98            2
  6  99            8
  7  10            3
  7  12            6
  7  13            5
  7  15            7
  7  16            8
  7  41            4
  7  50            4
  7  52            4
  7  69            2
  7  72            9
  7  78            5
  7  83            5
  7  84            8
  7  92            6
  7  95            8
  7 100            5
  8  14           10
  8  18           10
  8  28            3
  8  33            6
  8  49            8
  8  55            9
  8  61            6
  8  64            4
  8  65            2
  8  72            3
  8  73           10
  8  78            4
  8  85            6
  8  97            4
  9  19            7
  9  21            8
  9  24            3
  9  28            2
  9  32            5
  9  40            7
  9  46            9
  9  47            1
  9  53            1
  9  54            5
  9  55            3
  9  67            8
  9  68            9
  9  71            5
  9  79           10
  9  87            7
  9  88            9
  9  94            9
  9 100            3
 10  16            9
 10  22            1
 10  26            3
 10  30            5
 10  32            5
 10  36            3
 10  43            7
 10  46            1
 10  53            1
 10  55            2
 10  58           10
 10  60            5
 10  62            5
 10  66            3
 10  79            3
 10  89            3
 10  90            9
 10  93            7
 10  98            4
 11  13            2
 11  20            2
 11  21            5
 11  25            7
 11  34            3
 11  43            7
 11  44            4
 11  52            6
 11  53            4
 11  57            6
 11  59            9
 11  66            8
 11  68            9
 11  79            5
 11  81            1
 11  85            5
 11  87            2
 11  88            4
 11  97            5
 11  98            8
 12  13            5
 12  21            7
 12  25            4
 12  27            1
 12  29            6
 12  39            7
 12  40            5
 12  47            6
 12  55            9
 12  57            2
 12  60            7
 12  64            3
 12  66            5
 12  67            7
 12  78            1
 12  87            5
 13  21            3
 13  22            1
 13  23            6
 13  24            9
 13  27            5
 13  34            1
 13  39            2
 13  54            9
 13  55            6
 13  60            3
 13  68            9
 13  84            9
 13  96            1
 13  98            9
 13 100            2
 14  15            3
 14  17            7
 14  19            6
 14  20            3
 14  21            6
 14  25            3
 14  26            7
 14  45            6
 14  62            7
 14  66            9
 14  79            8
 14  83            9
 14  85            1
 14 100            2
 15  16            6
 15  21            9
 15  32            9
 15  33            8
 15  37           10
 15  38            4
 15  39            1
 15  40            8
 15  43            1
 15  45            7
 15  46            3
 15  48            1
 15  49            6
 15  59            5
 15  62            3
 15  63            3
 15  69            1
 15  76            5
 15  83            9
 15  84            2
 15  88            4
 15 100            7
 16  17            6
 16  20            5
 16  21            6
 16  22            9
 16  27            1
 16  28            8
 16  30            3
 16  32            7
 16  34            2
 16  36           10
 16  40            6
 16  42            8
 16  45            1
 16  48            7
 16  51            9
 16  52            9
 16  60           10
 16  82           10
 16  90            9
 16  95            9
 16  97            6
 17  20            3
 17  22            4
 17  26            1
 17  30            6
 17  34            2
 17  36            7
 17  38            5
 17  43            8
 17  49            7
 17  63            5
 17  69            1
 17  71            1
 17  80           10
 17  83            8
 17  94            5
 17  96            7
 17  97            9
 18  20           10
 18  22           10
 18  25            7
 18  28           10
 18  29            6
 18  34            4
 18  48            9
 18  55            9
 18  63            9
 18  69            2
 18  72            2
 18  82            2
 18  83            2
 18  98            4
 19  22            8
 19  25            2
 19  26            5
 19  29            7
 19  32            9
 19  42            9
 19  47            9
 19  48            2
 19  66            1
 19  70            8
 19  83           10
 19  87            3
 19  90           10
 19  94            2
 19 100            8
 20  26            5
 20  27            2
 20  29            4
 20  30           10
 20  33            6
 20  34            2
 20  37            8
 20  44           10
 20  51            1
 20  52            7
 20  54            8
 20  57            1
 20  61            8
 20  66            8
 20  89           10
 20  90            3
 20 100            8
 21  23            8
 21  24            3
 21  25            9
 21  32            5
 21  37            6
 21  51            4
 21  65            2
 21  66            3
 21  73            5
 21  74            4
 21  77            7
 21  79            9
 21  81            6
 21  84            5
 21  85            6
 21  98            2
 22  26            8
 22  29            8
 22  31            9
 22  42            5
 22  48            1
 22  49            4
 22  51            1
 22  52            9
 22  54            7
 22  61            5
 22  65            7
 22  67            9
 22  78            1
 22  80            6
 22  92           10
 22  95            3
 23  28            5
 23  38            8
 23  40            3
 23  46            3
 23  47            9
 23  55            3
 23  58            5
 23  74            3
 23  78            1
 23  81            3
 23  82            4
 23  85            9
 23  86            7
 23  88            5
 23  98            2
 24  28            3
 24  29            6
 24  37            2
 24  45            8
 24  48            4
 24  50            1
 24  76            4
 24  78            1
 24  80            6
 24  81            9
 24  83            2
 24  90           10
 24  96            3
 24  99           10
 25  27            8
 25  30            9
 25  32            5
 25  35            5
 25  36            4
 25  39            9
 25  42            4
 25  45           10
 25  47            9
 25  56            2
 25  57            3
 25  62            2
 25  66            7
 25  68           10
 25  75            3
 25  82            7
 25  87            7
 25  89            3
 25  99            2
 26  30            4
 26  31           10
 26  40           10
 26  45            5
 26  49            4
 26  52            1
 26  53            4
 26  67            3
 26  69            6
 26  78            8
 26  91            4
 26  94            4
 27  39            4
 27  46            4
 27  49            3
 27  58            1
 27  60            1
 27  62            2
 27  75            5
 28  30            4
 28  35            1
 28  39            9
 28  42            5
 28  70            6
 28  71            2
 28  74            3
 28  87            1
 28  94            5
 28  97            6
 28  98            1
 29  34            6
 29  47            1
 29  54            5
 29  55            3
 29  60            3
 29  61            5
 29  65            8
 29  71            9
 29  72            9
 29  73            8
 30  31            2
 30  32            4
 30  34            6
 30  45            2
 30  48            8
 30  62            6
 30  71            6
 30  72            3
 30  73           10
 30  82            6
 30  89            8
 30  94            2
 31  33            3
 31  37            9
 31  40            1
 31  56            4
 31  57            3
 31  58            8
 31  67            9
 31  70            9
 31  71           10
 31  75            6
 31  77            3
 31  78           10
 31  92            4
 31  93            6
 31  96            1
 31  99            8
 32  43            7
 32  46            5
 32  53            1
 32  60            1
 32  62           10
 32  69            3
 32  71            4
 32  74            4
 32  75            1
 32  85            6
 32  95            4
 33  34           10
 33  42            8
 33  43            1
 33  54            4
 33  68            9
 33  73            5
 33  74            8
 33  75            4
 33  80            2
 33  86            6
 33  88            3
 33  92            5
 33  93            7
 33  96           10
 34  36            2
 34  37            8
 34  46            2
 34  50            5
 34  57            7
 34  69            7
 34  73            8
 34  75            2
 34  76            8
 34  98            8
 35  37            7
 35  38            5
 35  40            1
 35  43            3
 35  44            7
 35  48            3
 35  53            2
 35  68            1
 35  76            5
 35  79            3
 35  83            2
 35  88            8
 35  90            2
 35  92            3
 36  39            6
 36  41            6
 36  50            6
 36  54            7
 36  58            5
 36  62           10
 36  63            8
 36  64            2
 36  74            3
 36  75            8
 36  76            5
 36  84            8
 36  85            8
 36  88            8
 36  90            8
 36  92            6
 36  93            4
 36  94            5
 36 100            4
 37  40            2
 37  41            6
 37  42           10
 37  44            7
 37  48            8
 37  50            1
 37  54            8
 37  67            9
 37  68            8
 37  77            4
 37  82            2
 37  86            3
 37  90            7
 37  91            6
 37  92            6
 38  40            6
 38  42            9
 38  51            2
 38  55            9
 38  58            1
 38  61            6
 38  64            8
 38  68            2
 38  75            5
 38  78            2
 38  89            1
 38  90            3
 38  91            4
 38  96            7
 38  97            2
 38  99           10
 39  41            1
 39  43            2
 39  47            8
 39  48            8
 39  49            9
 39  51            3
 39  63           10
 39  68            5
 39  71            5
 39  81           10
 39  88            8
 39  97            8
 40  41            5
 40  49            6
 40  59           10
 40  68            5
 40  71            3
 40  73            7
 40  77            2
 40  78            7
 40  81            8
 40  82            5
 40  90            4
 41  50            2
 41  51            4
 41  52            6
 41  59            5
 41  60            9
 41  63            1
 41  75           10
 41  81            5
 41  84            6
 41  87            7
 41  89            2
 42  43            3
 42  59            9
 42  60            7
 42  70            5
 42  73           10
 42  74            3
 42  83            2
 42  87            1
 42  91            7
 42  94            1
 43  45            8
 43  48            1
 43  53            7
 43  56            9
 43  62            1
 43  63            2
 43  80            6
 43  83            2
 43  85            4
 43  89            4
 43  95            3
 44  46           10
 44  49           10
 44  52            2
 44  60            8
 44  67            8
 44  75           10
 44  77            4
 44  81            6
 44  87            9
 44  99            8
 45  50            3
 45  70            6
 45  74            6
 45  75            3
 45  77            4
 45  79            8
 45  93            5
 45  96           10
 45  98            9
 46  48            8
 46  69           10
 46  71            7
 46  73            1
 46  74            8
 46  75            6
 46  80            2
 46  82            3
 46  87            8
 47  56            7
 47  57            6
 47  59            7
 47  74            3
 47  77            1
 47  81            7
 47  82            4
 47  83           10
 47  85            8
 47  93            6
 47  94            3
 48  49           10
 48  54            3
 48  56            7
 48  57            6
 48  60            9
 48  62            7
 48  64            5
 48  65            4
 48  81            8
 49  50            9
 49  55            3
 49  58            5
 49  60            7
 49  66            9
 49  76            5
 49  77            3
 49  78            3
 49  90            5
 49  99            5
 50  53           10
 50  55            6
 50  58            3
 50  59            7
 50  60            6
 50  62            4
 50  65            5
 50  66            3
 50  68            9
 50  72           10
 50  73            2
 50  76            9
 50  85            9
 50  86            3
 50  87            4
 50  91            3
 50  93            8
 50  94            8
 51  58            8
 51  61            6
 51  79           10
 51  86            8
 51  99            8
 52  54            9
 52  70            6
 52  75            6
 52  76           10
 52  77            6
 52  80            7
 52  83            7
 52  84            1
 52  86            6
 52  92            5
 52  98            3
 53  55            8
 53  62            8
 53  65            9
 53  68            8
 53  81            5
 53  83            8
 53  86            6
 53  92            1
 53  96           10
 54  59           10
 54  61            9
 54  69            7
 54  77            1
 54  80            5
 54  86            5
 54  87            7
 54  94            6
 55  57            4
 55  60            1
 55  64            4
 55  67           10
 55  71            4
 55  73            1
 55  75            3
 55  78            3
 55  81            7
 55  91            7
 55  95           10
 56  57            1
 56  62           10
 56  64            5
 56  71            6
 56  72            7
 56  73           10
 56  74            5
 56  79            3
 56  87            3
 56  99            4
 57  63            3
 57  65           10
 57  69            5
 57  81            9
 57  85            4
 57  91            6
 57  94            4
 57  97            8
 58  66           10
 58  67           10
 58  72            9
 58  80            1
 58  81            3
 58  85            6
 58  87            8
 58  88            6
 58  89            9
 58  90            1
 58  94            4
 59  63            4
 59  64            1
 59  67            8
 59  73            8
 59  77            2
 59  81           10
 59  89            9
 59  95            5
 59  99            4
 59 100           10
 60  61           10
 60  62            2
 60  66            4
 60  71            3
 61  62           10
 61  67            5
 61  68            4
 61  70            7
 61  72           10
 61  73            3
 61  79            3
 61  83            8
 61  88            5
 61  96            9
 61 100            5
 62  63           10
 62  66            1
 62  67            7
 62  68            7
 62  82            3
 62  87           10
 62  93            4
 62  97            3
 63  66            3
 63  67            6
 63  68            1
 63  72            2
 63  73            8
 63  87            8
 63  91            5
 63  92            7
 63  94            2
 63  96            9
 64  66            3
 64  68            6
 64  69            3
 64  70            3
 64  99            7
 65  66            1
 65  70            8
 65  72            9
 65  74            1
 65  75            6
 65  79            1
 65  84            2
 65  87            3
 66  67            3
 66  71           10
 66  76           10
 66  88            6
 66  96            4
 66 100            2
 67  77            6
 67  83            6
 67  89            8
 67  90           10
 68  70            7
 68  71            1
 68  72            4
 68  80            1
 68  82            9
 68  97            3
 69  70            3
 69  72            5
 69  76            6
 69  79            6
 69  81            9
 69  82            7
 69  92           10
 69  93           10
 69  95            9
 69  98            6
 70  71            6
 70  75            3
 70  79            5
 70  80            7
 70  82            3
 70  84            5
 70  88            9
 70  90            8
 71  73            9
 71  78            5
 71  82            5
 71  83            6
 71  85            4
 71  88            3
 72  81            9
 72  82            1
 72  85            9
 72  90            5
 72  93            2
 73  74            9
 73  78            3
 73  87            9
 73  94            1
 74  77            9
 74  83            8
 74  87            3
 75  78            9
 75  79            9
 75  81            5
 75  89            4
 75  98            2
 76  79            1
 76  82            6
 76  86            3
 76  96           10
 76  97            5
 77  78            3
 77  82            4
 77  84            4
 77  89           10
 77  97            8
 77  98           10
 77 100            6
 78  81            9
 78  85            3
 78  87            5
 78  92            1
 79  82            3
 79  83            4
 79  85            3
 79  88            2
 79  95            3
 80  82            7
 80  83            4
 80  86            4
 80  88            3
 80  98            4
 81  82            6
 81  88            5
 82  85            2
 82  87           10
 82  88            1
 82  89            2
 82  91            2
 83  84            3
 83  87            5
 83  88            9
 83  89            8
 83  91            1
 83  93            8
 84  92           10
 84  94            8
 84  95            2
 85  90            2
 85  91            4
 86  95            1
 86  96           10
 86  97            3
 87  88            9
 87  89            9
 87  92            4
 87  93            9
 88  89            1
 88  94            8
 88  95            6
 88  96            1
 88  97            7
 88  98            1
 89  91            4
 89  93            1
 89  95            6
 89  96            5
 89  99            3
 90  94            2
 90  95            5
 90  98            1
 90  99            4
 90 100            6
 91  92            3
 91  94            3
 91  95            8
 91  96            8
 92  94            3
 92 100            8
 93  94            1
 93  95            7
 93  96            4
 94  96            8
 94  97            5
 94 100            1
 96  97            1
 96  99            7
 97  99            7
