100
  1   2            2
  1   3            7
  1   4            3
  1   6            9
  1   8            4
  1   9           10
  1  10            5
  1  12            9
  1  14            8
  1  15            1
  1  16            5
  1  17            3
  1  18            6
  1  19            3
  1  20           10
  1  21            6
  1  22            3
  1  23            2
  1  24            4
  1  25            7
  1  26            4
  1  27           10
  1  28            8
  1  29            7
  1  30            8
  1  31           10
  1  32           10
  1  33            6
  1  34            3
  1  37            2
  1  38            5
  1  39            3
  1  40            7
  1  41            7
  1  42            4
  1  43            3
  1  44            8
  1  45            6
  1  46            7
  1  47            8
  1  48            9
  1  50            6
  1  51            6
  1  52            8
  1  54            6
  1  55            9
  1  56            3
  1  57            7
  1  58            2
  1  59            1
  1  60            6
  1  61            2
  1  62            7
  1  64            3
  1  66            1
  1  67            7
  1  70            5
  1  71            2
  1  72            6
  1  73            5
  1  74            5
  1  75            5
  1  77            8
  1  80            9
  1  82            6
  1  83            7
  1  84            3
  1  86            6
  1  87            4
  1  89            2
  1  90            7
  1  91            8
  1  92            7
  1  94            9
  1  95            9
  1  96            6
  1  97            2
  1  99            6
  2   3            9
  2   4            4
  2   5            8
  2   6           10
  2   7            4
  2   8            3
  2   9           10
  2  10            8
  2  11            4
  2  12            7
  2  13            4
  2  14            4
  2  15            6
  2  16           10
  2  17            5
  2  18            7
  2  19            7
  2  20            6
  2  21            4
  2  22            5
  2  23            5
  2  24            4
  2  25            7
  2  26            2
  2  27            8
  2  28            5
  2  29            5
  2  30            9
  2  31            4
  2  32            9
  2  33            1
  2  34            5
  2  35            2
  2  36            7
  2  37            6
  2  40            8
  2  41           10
  2  42            2
  2  43            5
  2  44            2
  2  46            2
  2  48            5
  2  49            8
  2  51           10
  2  52            8
  2  53            9
  2  55            9
  2  56            4
  2  57            3
  2  58           10
  2  59            7
  2  61            1
  2  62            7
  2  63            7
  2  64            6
  2  65            6
  2  67            5
  2  68            8
  2  69            6
  2  70            3
  2  73            8
  2  74            7
  2  75            3
  2  77            1
  2  78            6
  2  79            5
  2  80            7
  2  81            2
  2  82            2
  2  84            5
  2  89            5
  2  91            6
  2  94            2
  2  98            1
  2  99            1
  2 100            3
  3   4            1
  3   6            6
  3   7            8
  3   8            6
  3   9            3
  3  10           10
  3  12            7
  3  13            2
  3  14            2
  3  15            2
  3  16            9
  3  17            8
  3  18            7
  3  19            5
  3  20            8
  3  21            6
  3  22            6
  3  23            4
  3  24            3
  3  25            8
  3  26            9
  3  27            4
  3  29            9
  3  30            5
  3  31            5
  3  32           10
  3  35            1
  3  36            6
  3  37           10
  3  39            7
  3  40            7
  3  41            6
  3  43            1
  3  44            1
  3  45            7
  3  46            5
  3  47            3
  3  48            7
  3  49            5
  3  51            5
  3  53            8
  3  56            4
  3  57            2
  3  58            7
  3  59            3
  3  60            5
  3  61            1
  3  62            2
  3  67            6
  3  68            3
  3  70            6
  3  71            7
  3  72           10
  3  73            1
  3  74            3
  3  77            2
  3  78            5
  3  79            9
  3  81           10
  3  83           10
  3  84            1
  3  85            2
  3  87            2
  3  91            8
  3  92           10
  3  93            6
  3  94            9
  3  95            2
  3  96            1
  3  97            2
  3  98            1
  3  99           10
  4   5            8
  4   6            4
  4   7            5
  4   8            7
  4   9            8
  4  10            7
  4  11            5
  4  14            9
  4  15            4
  4  16            1
  4  17           10
  4  18           10
  4  19            2
  4  20            8
  4  21           10
  4  22            6
  4  24            5
  4  25            4
  4  26            7
  4  27            5
  4  28            8
  4  29            3
  4  30            5
  4  31            5
  4  34            2
  4  35            9
  4  36           10
  4  37            9
  4  38            6
  4  39            7
  4  41            1
  4  42            2
  4  43            3
  4  44            7
  4  45            3
  4  46            8
  4  47            7
  4  48            6
  4  49            8
  4  50            3
  4  52            8
  4  53            5
  4  54            4
  4  55            3
  4  57            2
  4  58           10
  4  59           10
  4  60            9
  4  61            9
  4  62            2
  4  63            7
  4  64            6
  4  65            7
  4  67            9
  4  68            3
  4  70            6
  4  71            2
  4  72            3
  4  73            4
  4  76            6
  4  79            4
  4  82            3
  4  83            5
  4  84            8
  4  87            2
  4  88           10
  4  89            9
  4  90            5
  4  91            6
  4  92            1
  4  95            7
  4  96            1
  4  97           10
  4  99            3
  5   6            9
  5   7            3
  5   8            1
  5   9            3
  5  10            2
  5  11            6
  5  12            2
  5  13            5
  5  14           10
  5  15            7
  5  17            4
  5  18           10
  5  19            7
  5  20            3
  5  21            3
  5  22            1
  5  23            7
  5  24            9
  5  25           10
  5  26            9
  5  27            5
  5  28            1
  5  29            8
  5  30            8
  5  31            1
  5  32            4
  5  33            8
  5  35            7
  5  36            9
  5  38            4
  5  39            5
  5  40            7
  5  41            5
  5  42            1
  5  43            2
  5  44            6
  5  45            5
  5  46            8
  5  47            7
  5  48            4
  5  49           10
  5  50            3
  5  51            4
  5  52            5
  5  54            9
  5  55           10
  5  56            7
  5  58            9
  5  59            5
  5  60            5
  5  61            9
  5  64            4
  5  66            7
  5  67            3
  5  68            9
  5  69            8
  5  70            6
  5  72            3
  5  74            4
  5  75           10
  5  76            4
  5  77            2
  5  78            8
  5  79            4
  5  80            6
  5  82            1
  5  83            5
  5  84            6
  5  85            7
  5  86            8
  5  87            7
  5  94            7
  5  95           10
  5  96           10
  5  97            1
  5  98            8
  5  99           10
  6   7            4
  6   8            8
  6   9            9
  6  10           10
  6  11            3
  6  12            6
  6  13            2
  6  14           10
  6  15            7
  6  17            6
  6  18           10
  6  19           10
  6  20            4
  6  22            9
  6  23           10
  6  24            5
  6  25            5
  6  26            6
  6  27            6
  6  28            6
  6  29            1
  6  30            1
  6  31            1
  6  32            7
  6  33            9
  6  34            9
  6  35            7
  6  36            5
  6  37            6
  6  38            8
  6  39            2
  6  40            8
  6  41            5
  6  42            1
  6  43            1
  6  44            3
  6  45            7
  6  46            1
  6  47            7
  6  48            2
  6  49            2
  6  50           10
  6  51            7
  6  52            6
  6  53            1
  6  54            2
  6  55            8
  6  56           10
  6  57            1
  6  58            8
  6  59            1
  6  60            7
  6  61            9
  6  62            6
  6  63            8
  6  64            8
  6  65            1
  6  66            4
  6  67            3
  6  69            6
  6  71           10
  6  72            9
  6  73            4
  6  74            4
  6  75            1
  6  77            8
  6  78            9
  6  80           10
  6  81            7
  6  82            9
  6  86            1
  6  87            2
  6  88           10
  6  89           10
  6  93            3
  6  94            1
  6  95            2
  6  96            9
  6  97            3
  6  99            3
  7   8           10
  7   9            2
  7  10            2
  7  11            4
  7  12            8
  7  13            6
  7  14            4
  7  15            5
  7  16            2
  7  17            2
  7  18            9
  7  19            4
  7  20            9
  7  21           10
  7  22            1
  7  25            2
  7  26            2
  7  27            9
  7  28            9
  7  29            9
  7  30            7
  7  31            9
  7  32            9
  7  33            6
  7  34            3
  7  35            7
  7  37            2
  7  38            1
  7  39            4
  7  40           10
  7  41            2
  7  42           10
  7  43            9
  7  44            8
  7  45            4
  7  46            5
  7  47            4
  7  48            3
  7  49            2
  7  50            9
  7  51            3
  7  52            5
  7  53            3
  7  54            7
  7  55            6
  7  56            5
  7  57            1
  7  58            9
  7  59            6
  7  61            1
  7  62            8
  7  64            1
  7  66            6
  7  73            7
  7  74            3
  7  76            3
  7  77            6
  7  78            6
  7  79            2
  7  80            9
  7  82            5
  7  83            3
  7  84            3
  7  85            6
  7  86            3
  7  87            3
  7  88            7
  7  89            5
  7  92            4
  7  93            7
  7  94            7
  7  95            1
  7  96            8
  7  97            8
  7  98            4
  8   9            1
  8  10            9
  8  11            3
  8  12            2
  8  14            3
  8  15            2
  8  16            4
  8  17            2
  8  18            5
  8  20            8
  8  22            1
  8  23            5
  8  24            8
  8  25            9
  8  26            9
  8  27            3
  8  28            5
  8  29            6
  8  30            8
  8  31            9
  8  32            5
  8  33            3
  8  34            8
  8  35            3
  8  36            4
  8  39           10
  8  40            9
  8  41            7
  8  42            5
  8  43            3
  8  44            9
  8  45            4
  8  47            8
  8  48            9
  8  49            4
  8  50            9
  8  51            3
  8  52            7
  8  54            9
  8  55            8
  8  56            1
  8  57            7
  8  58            7
  8  59            8
  8  60           10
  8  61            7
  8  63            8
  8  64            9
  8  65            2
  8  67            8
  8  69            7
  8  70            9
  8  72            7
  8  75            3
  8  76            1
  8  77            8
  8  78            5
  8  81            8
  8  82            3
  8  83            9
  8  85            5
  8  87            2
  8  89            1
  8  90            7
  8  92            8
  8  93            7
  8  94            6
  8  97            3
  8  99            1
  8 100            6
  9  10            5
  9  11            1
  9  13            6
  9  15            9
  9  16            3
  9  17           10
  9  18           10
  9  19            1
  9  20            4
  9  21            4
  9  23            8
  9  24            5
  9  25            9
  9  26            2
  9  27            2
  9  28            5
  9  29            1
  9  30            9
  9  31           10
  9  33            3
  9  34            7
  9  35            6
  9  36            4
  9  37            5
  9  39            6
  9  40           10
  9  41            6
  9  42            9
  9  43            8
  9  44            3
  9  45            2
  9  46            1
  9  47            5
  9  48            5
  9  49            4
  9  50            7
  9  52            7
  9  53           10
  9  54            3
  9  55            5
  9  56            1
  9  58           10
  9  59            3
  9  60           10
  9  61            1
  9  62            5
  9  63            4
  9  64            2
  9  65            3
  9  67            6
  9  69            6
  9  70            4
  9  72            9
  9  73            7
  9  74           10
  9  75           10
  9  76            5
  9  77            1
  9  78            7
  9  79            3
  9  80            3
  9  81            7
  9  85            3
  9  86            2
  9  91            1
  9  93            6
  9  94            4
  9  95            5
  9  96            2
  9  97            4
  9  98           10
  9 100            6
 10  11            2
 10  12            5
 10  14            8
 10  15            2
 10  16            6
 10  17            1
 10  18           10
 10  20           10
 10  21            5
 10  22            4
 10  23           10
 10  24           10
 10  25            1
 10  26            2
 10  27            4
 10  28            7
 10  29            5
 10  30            2
 10  31           10
 10  32           10
 10  33            8
 10  35            2
 10  36            6
 10  38           10
 10  39            3
 10  40            6
 10  41            9
 10  42            1
 10  44            7
 10  45            6
 10  46            9
 10  49            5
 10  50            3
 10  51            2
 10  52            8
 10  53            4
 10  54            1
 10  55            2
 10  56            4
 10  58            5
 10  59            3
 10  60            6
 10  61            8
 10  62            4
 10  63            2
 10  64            4
 10  66            7
 10  68            6
 10  70            6
 10  72            2
 10  73           10
 10  74            6
 10  75            1
 10  76            5
 10  77           10
 10  82           10
 10  83           10
 10  86            8
 10  87            4
 10  89            9
 10  90            5
 10  92            1
 10  94            6
 10  96            6
 10  98            3
 10  99            8
 11  12            8
 11  14            7
 11  15            7
 11  16            6
 11  17            3
 11  18            3
 11  19            4
 11  20            1
 11  21            1
 11  22            3
 11  23            6
 11  24           10
 11  26            7
 11  27            9
 11  28            4
 11  29            7
 11  30            9
 11  31            7
 11  32            8
 11  33            2
 11  34            9
 11  35            2
 11  37            6
 11  38            4
 11  39            8
 11  40            1
 11  41            4
 11  42            1
 11  43            9
 11  44            1
 11  45           10
 11  46            7
 11  47            6
 11  48            2
 11  49            2
 11  50            5
 11  51            9
 11  52            7
 11  53            6
 11  54            2
 11  58            8
 11  60            9
 11  61            8
 11  62            4
 11  63            8
 11  66            4
 11  69            3
 11  70           10
 11  71            1
 11  73            9
 11  74            3
 11  76            1
 11  78            3
 11  79            7
 11  80            8
 11  81            4
 11  82           10
 11  84           10
 11  85            4
 11  86            7
 11  87            7
 11  88            1
 11  89            2
 11  90            5
 11  91           10
 11  95            1
 11  96            2
 11  97            5
 11  98            1
 11  99            9
 11 100            7
 12  13            6
 12  14            6
 12  15            1
 12  16           10
 12  17            9
 12  18            5
 12  19            8
 12  20            4
 12  21            5
 12  22            5
 12  24            3
 12  25            6
 12  26            7
 12  27            3
 12  28            4
 12  29            4
 12  30            9
 12  31            5
 12  32            1
 12  33            2
 12  34            6
 12  35            7
 12  36            1
 12  37            8
 12  38            4
 12  39            7
 12  40            7
 12  41            5
 12  43            1
 12  44            8
 12  45            3
 12  46            1
 12  47            7
 12  48            1
 12  50            3
 12  51            3
 12  52            1
 12  53            2
 12  55            9
 12  56            6
 12  57            1
 12  58           10
 12  59            3
 12  60            9
 12  61            3
 12  62            9
 12  63            6
 12  64            2
 12  67           10
 12  68            7
 12  69            5
 12  70            5
 12  72            1
 12  73           10
 12  74            6
 12  75            9
 12  76            3
 12  77            7
 12  78            9
 12  79            2
 12  80            5
 12  81            7
 12  82            1
 12  83            4
 12  85            6
 12  86            1
 12  87            4
 12  88           10
 12  89            8
 12  90            9
 12  91            9
 12  92           10
 12  95            2
 12  97           10
 12  98            2
 12  99            5
 12 100           10
 13  14            6
 13  15            8
 13  16            3
 13  17            3
 13  18            9
 13  19            7
 13  20            6
 13  21            6
 13  23            4
 13  24            7
 13  25            1
 13  26            8
 13  27            8
 13  28            8
 13  29            6
 13  30           10
 13  31            7
 13  33            8
 13  34           10
 13  35            8
 13  36            2
 13  37            9
 13  38            9
 13  39            9
 13  40            6
 13  41            4
 13  42            5
 13  43            6
 13  44            8
 13  45            9
 13  46            8
 13  48            5
 13  51            4
 13  52            2
 13  53            7
 13  54           10
 13  55            1
 13  56            4
 13  57            9
 13  58            1
 13  59            5
 13  60            3
 13  61            9
 13  62            9
 13  63            9
 13  64            6
 13  65            7
 13  66            5
 13  68           10
 13  69            6
 13  70            9
 13  71            2
 13  72           10
 13  73            6
 13  76            5
 13  79            5
 13  81            5
 13  83            4
 13  87            1
 13  88            8
 13  89            3
 13  91            2
 13  93            8
 13  94            6
 13  95            4
 13  96            2
 13  98            1
 13  99            2
 13 100            1
 14  15            5
 14  16           10
 14  17            1
 14  18           10
 14  20            6
 14  21            6
 14  22            8
 14  23            9
 14  24            5
 14  26            6
 14  27            6
 14  28            2
 14  29            3
 14  30            2
 14  31            8
 14  32            2
 14  33           10
 14  34            5
 14  35            5
 14  37            7
 14  39            7
 14  40           10
 14  42            7
 14  43            4
 14  44            3
 14  45           10
 14  46            5
 14  47            6
 14  48            3
 14  49            4
 14  50            5
 14  51            3
 14  52            9
 14  53            8
 14  54            3
 14  55            8
 14  56            5
 14  57            3
 14  58            4
 14  59            4
 14  61            5
 14  62            6
 14  63            7
 14  64            2
 14  65            1
 14  66            3
 14  67            8
 14  69            2
 14  70            8
 14  71            9
 14  72            5
 14  73           10
 14  76            2
 14  77            9
 14  78            2
 14  79           10
 14  80            6
 14  81            7
 14  83            1
 14  85            7
 14  86            7
 14  87           10
 14  88           10
 14  90            5
 14  91           10
 14  93            9
 14  94            8
 14  95            2
 14  96            2
 14  98            9
 15  16            3
 15  17            6
 15  18            7
 15  19            7
 15  20            8
 15  21           10
 15  22            9
 15  23            5
 15  24            2
 15  25            5
 15  27            8
 15  28            6
 15  29            9
 15  30            7
 15  31            6
 15  32            4
 15  33           10
 15  34           10
 15  35            7
 15  36            4
 15  38           10
 15  40            1
 15  41            2
 15  42            5
 15  44            9
 15  45            1
 15  46            7
 15  48            9
 15  49            4
 15  50            8
 15  51            5
 15  52            9
 15  54            6
 15  55            4
 15  56            4
 15  57            9
 15  58            8
 15  60            8
 15  61            1
 15  62            4
 15  63            3
 15  64            7
 15  65            5
 15  66            8
 15  67            5
 15  68            3
 15  69           10
 15  70           10
 15  71            9
 15  72            5
 15  74            8
 15  77            4
 15  78            2
 15  80            9
 15  81            4
 15  82            6
 15  84            5
 15  85            2
 15  86            8
 15  87            7
 15  88            5
 15  89            3
 15  90            1
 15  92            5
 15  93            6
 15  95            5
 15  96            7
 15  97            9
 15  98            7
 15 100           10
 16  17            8
 16  19           10
 16  20            8
 16  21            6
 16  22            3
 16  24            3
 16  25            5
 16  26            8
 16  27            4
 16  28           10
 16  29            7
 16  32            6
 16  33            5
 16  34            5
 16  35            1
 16  36            7
 16  37            6
 16  38            6
 16  40            4
 16  41            4
 16  42            6
 16  43            9
 16  45            2
 16  46            5
 16  47            2
 16  48            7
 16  49            6
 16  50            5
 16  51           10
 16  52            7
 16  53            4
 16  54           10
 16  55           10
 16  56            9
 16  57            1
 16  58            8
 16  59            2
 16  60            9
 16  61            5
 16  62            1
 16  63           10
 16  64            1
 16  65            4
 16  66            8
 16  67            8
 16  68            3
 16  72            9
 16  73            2
 16  75            6
 16  76            5
 16  78            1
 16  80            4
 16  82            4
 16  83            4
 16  84            7
 16  85            5
 16  86            8
 16  91            8
 16  92           10
 16  93            9
 16  94            1
 16  98            6
 16  99            1
 17  18           10
 17  19            4
 17  20            5
 17  21            9
 17  23            1
 17  24            6
 17  26            2
 17  27            5
 17  29            7
 17  30            7
 17  31            9
 17  32            4
 17  33            6
 17  34            3
 17  35            6
 17  36            1
 17  37            8
 17  38            4
 17  39            8
 17  40            8
 17  41            3
 17  42            5
 17  43            5
 17  45            9
 17  46            6
 17  48            4
 17  49            7
 17  50            9
 17  51            4
 17  52            4
 17  53            8
 17  55            9
 17  56            5
 17  57            9
 17  58            8
 17  60            8
 17  61            9
 17  62            9
 17  63            7
 17  64           10
 17  65            6
 17  66            8
 17  67           10
 17  68            2
 17  69           10
 17  70            5
 17  71            3
 17  72            5
 17  73            6
 17  74            9
 17  76            6
 17  77            5
 17  78            1
 17  82            9
 17  83            3
 17  84           10
 17  85            9
 17  86            3
 17  88            3
 17  90            8
 17  93            2
 17  94            1
 17  95           10
 17  97            7
 17  98            8
 17  99            2
 17 100            2
 18  19            5
 18  21            4
 18  22            3
 18  24            3
 18  25            3
 18  27            5
 18  28            1
 18  29            7
 18  30            4
 18  31            7
 18  32            6
 18  33            3
 18  34            2
 18  35            8
 18  36            6
 18  37            2
 18  39            5
 18  41            8
 18  42            6
 18  43            3
 18  44            3
 18  45            9
 18  47            4
 18  48            3
 18  49            1
 18  50            4
 18  51            3
 18  52            3
 18  53            7
 18  55            5
 18  56            7
 18  57           10
 18  58            4
 18  59            5
 18  60            2
 18  61            5
 18  62            3
 18  63            8
 18  65            3
 18  66            6
 18  67            8
 18  68            1
 18  69            4
 18  70            9
 18  71            7
 18  72            2
 18  73            7
 18  74            5
 18  75            3
 18  76           10
 18  77            5
 18  79            8
 18  80           10
 18  81            2
 18  82            4
 18  83            5
 18  84            1
 18  85            5
 18  86            5
 18  87           10
 18  88            1
 18  90            9
 18  92           10
 18  93            3
 18  94            5
 18  95            1
 18  96           10
 18  97            7
 18 100            2
 19  20            2
 19  21            3
 19  22            5
 19  23            9
 19  24            7
 19  25            5
 19  26            2
 19  27            4
 19  28           10
 19  29            5
 19  30            5
 19  31            7
 19  32            7
 19  33            3
 19  34            6
 19  36           10
 19  37            5
 19  38            1
 19  40            7
 19  43            7
 19  44            6
 19  45           10
 19  46            9
 19  47            2
 19  48            2
 19  49            2
 19  50           10
 19  51            8
 19  52            9
 19  53            2
 19  54            9
 19  55           10
 19  56            4
 19  58            6
 19  59            6
 19  60            1
 19  61            1
 19  62            1
 19  65            3
 19  66            3
 19  67           10
 19  68            4
 19  69           10
 19  70            4
 19  71            3
 19  72            5
 19  73            4
 19  76            7
 19  77            2
 19  79            4
 19  80            2
 19  81            4
 19  82            3
 19  85            4
 19  86            4
 19  88           10
 19  89           10
 19  90            1
 19  91            4
 19  92            8
 19  95            6
 19  96            5
 19  97            4
 19  98            2
 19 100           10
 20  21            9
 20  22            2
 20  23            4
 20  25            6
 20  26            6
 20  27            7
 20  28            1
 20  30            1
 20  31            1
 20  32            3
 20  33            4
 20  34            5
 20  35            3
 20  36            5
 20  37            4
 20  38           10
 20  39            9
 20  40            1
 20  41            8
 20  42            7
 20  43           10
 20  45            5
 20  46            5
 20  47            1
 20  48           10
 20  49           10
 20  50            9
 20  51            5
 20  52            5
 20  53            2
 20  54            1
 20  55            5
 20  56            3
 20  57            1
 20  60            3
 20  61            1
 20  62            5
 20  64            4
 20  65            4
 20  66            8
 20  68            8
 20  69            4
 20  70            1
 20  71            4
 20  72            9
 20  73            6
 20  74            3
 20  75            7
 20  77            7
 20  79            8
 20  80            4
 20  81            8
 20  82            8
 20  83            2
 20  84            7
 20  89            2
 20  91            7
 20  92            8
 20  93            8
 20  95            9
 20  97            4
 20  99            2
 21  22            3
 21  23            1
 21  24            2
 21  26            6
 21  27            4
 21  28            9
 21  29            2
 21  30            7
 21  31            1
 21  32            1
 21  33            2
 21  34            5
 21  35            6
 21  37            5
 21  38            9
 21  39            8
 21  40            4
 21  41            4
 21  42           10
 21  43            4
 21  45            9
 21  46            6
 21  47            9
 21  49            6
 21  50            3
 21  52            5
 21  53            9
 21  54            6
 21  55            5
 21  56            4
 21  58            4
 21  59           10
 21  60            1
 21  61            9
 21  62            4
 21  63            7
 21  64            7
 21  65            6
 21  68            3
 21  69            5
 21  70            9
 21  71            7
 21  72            9
 21  73            5
 21  74            6
 21  75            4
 21  76            7
 21  78            8
 21  79            4
 21  81            4
 21  83            5
 21  85            1
 21  86            3
 21  88            2
 21  89            3
 21  91            3
 21  93            3
 21  94            1
 21  95            9
 21  96            6
 21  99            8
 21 100            8
 22  24            9
 22  25            6
 22  26            7
 22  27            2
 22  29            8
 22  30            7
 22  31            2
 22  32            1
 22  33            4
 22  34            9
 22  35            6
 22  36            4
 22  37            5
 22  39           10
 22  40            2
 22  41            5
 22  42            7
 22  43            9
 22  44            1
 22  46            8
 22  47           10
 22  50            9
 22  52           10
 22  53            5
 22  54            3
 22  55            2
 22  56            6
 22  57            1
 22  58            3
 22  59            7
 22  60            2
 22  61           10
 22  62            4
 22  63            3
 22  65           10
 22  66            8
 22  67            7
 22  68            7
 22  71           10
 22  72            5
 22  73            4
 22  74            3
 22  76            1
 22  77            2
 22  80            4
 22  81            3
 22  82            1
 22  83            8
 22  84            7
 22  85            7
 22  86            8
 22  87            2
 22  88            5
 22  89            2
 22  90            2
 22  91            3
 22  92            6
 22  93            8
 22  96            3
 22  98           10
 22  99            7
 22 100            1
 23  24            7
 23  25            3
 23  26            3
 23  27            8
 23  29            9
 23  30            3
 23  31            2
 23  32           10
 23  33            1
 23  34            5
 23  36            7
 23  37            8
 23  38            6
 23  39            7
 23  40            2
 23  41            2
 23  42            7
 23  43            4
 23  44            1
 23  45            3
 23  47            6
 23  48           10
 23  51            8
 23  53            1
 23  54            2
 23  55            6
 23  56            4
 23  57            2
 23  58            4
 23  59            2
 23  61            9
 23  62           10
 23  63            9
 23  64            6
 23  65            1
 23  66            3
 23  68            1
 23  70            7
 23  71            2
 23  72            4
 23  73            4
 23  74            6
 23  76            4
 23  78            4
 23  79            9
 23  80            7
 23  81            1
 23  83            2
 23  84            4
 23  85            4
 23  86            8
 23  87            3
 23  89            6
 23  91            3
 23  92            8
 23  96            6
 23  97            2
 23  98            5
 24  25            3
 24  26            3
 24  27            1
 24  28            2
 24  30            8
 24  31            8
 24  32            6
 24  34            2
 24  35            9
 24  36            1
 24  39            3
 24  40            6
 24  41            2
 24  43           10
 24  44            7
 24  45           10
 24  46            4
 24  47            2
 24  48            7
 24  49           10
 24  50            3
 24  51           10
 24  53            2
 24  56            8
 24  57            1
 24  59            6
 24  60            8
 24  61            5
 24  62            7
 24  63            5
 24  64            6
 24  66            4
 24  67            7
 24  69            3
 24  70           10
 24  71            5
 24  72            7
 24  73           10
 24  74            8
 24  75            2
 24  76            9
 24  77            1
 24  79            4
 24  80            6
 24  81            2
 24  82            9
 24  83            3
 24  87            5
 24  92            2
 24  93            7
 24  95            4
 24  98            2
 24 100            9
 25  26            6
 25  28            7
 25  30            2
 25  31            3
 25  32           10
 25  33            3
 25  34            1
 25  35           10
 25  36           10
 25  37            2
 25  38            6
 25  39            6
 25  41            5
 25  42            4
 25  43            5
 25  44            9
 25  45            7
 25  46            9
 25  49            8
 25  51           10
 25  52            3
 25  53            2
 25  54            9
 25  55            9
 25  56            5
 25  57            6
 25  58            7
 25  59            8
 25  60            8
 25  62            9
 25  63            9
 25  66            5
 25  67            7
 25  68            9
 25  69            8
 25  70            1
 25  71            9
 25  72            1
 25  73            3
 25  74            8
 25  75            8
 25  76            5
 25  77           10
 25  78            8
 25  79            9
 25  80            3
 25  81            6
 25  82            9
 25  83            6
 25  86            8
 25  89            9
 25  90            6
 25  94            1
 25  95            7
 25  96            5
 25  98            2
 25  99            1
 26  28            8
 26  30            4
 26  33            4
 26  34            5
 26  35           10
 26  36           10
 26  37            9
 26  38            8
 26  39            7
 26  40           10
 26  41            5
 26  42            6
 26  43            8
 26  44            9
 26  45            2
 26  46            7
 26  47            3
 26  48           10
 26  49            8
 26  50            2
 26  51            3
 26  52            9
 26  53            6
 26  54            4
 26  55            2
 26  56            6
 26  57            4
 26  58            3
 26  59            5
 26  60            9
 26  61            9
 26  62            6
 26  63            6
 26  64            1
 26  65           10
 26  66            1
 26  68            3
 26  69            9
 26  70            5
 26  71            5
 26  72            6
 26  73           10
 26  74            2
 26  75           10
 26  77            6
 26  79            9
 26  80           10
 26  81           10
 26  82            9
 26  84            1
 26  85            4
 26  86            7
 26  87            8
 26  89            8
 26  90            8
 26  92            4
 26  93            4
 26  94            8
 26  96            3
 26  97           10
 26  98           10
 26  99            8
 27  30            4
 27  31            1
 27  32            8
 27  33            2
 27  34            1
 27  35            1
 27  36            5
 27  37            8
 27  38            6
 27  42            1
 27  44            4
 27  45            6
 27  46            8
 27  47            5
 27  48            4
 27  49            1
 27  50            5
 27  51            9
 27  52            1
 27  53            3
 27  54            6
 27  57            9
 27  58            2
 27  59            2
 27  60            1
 27  61            2
 27  63            7
 27  65            6
 27  66            6
 27  67            7
 27  69            3
 27  70           10
 27  71            1
 27  72            2
 27  73           10
 27  74            5
 27  75            9
 27  76            2
 27  77            5
 27  78            4
 27  79            9
 27  80            7
 27  82            9
 27  83            5
 27  84            3
 27  85            4
 27  87            9
 27  88            6
 27  89            4
 27  90            9
 27  91            3
 27  93            9
 27  94            6
 27  95            9
 27  97            3
 27  99           10
 28  29           10
 28  30            8
 28  31            2
 28  32            7
 28  33            1
 28  34            4
 28  35            3
 28  36            6
 28  37            5
 28  39            5
 28  41            1
 28  43            6
 28  44            1
 28  46            2
 28  48            1
 28  49            9
 28  51            9
 28  52            7
 28  53            7
 28  54            5
 28  56            7
 28  57            9
 28  58            9
 28  59            2
 28  60            1
 28  61            8
 28  62            8
 28  63            7
 28  64            9
 28  66            3
 28  67            3
 28  68           10
 28  69            3
 28  71            5
 28  72            9
 28  73            8
 28  76            2
 28  78            5
 28  79            8
 28  81            5
 28  83            1
 28  84            4
 28  85            7
 28  86            8
 28  87            9
 28  88           10
 28  89            4
 28  90            9
 28  93            9
 28  94            4
 28  95            5
 28  96            1
 28  98            8
 28  99           10
 28 100            6
 29  30            7
 29  31            9
 29  32            5
 29  33            2
 29  34            6
 29  35            3
 29  36            9
 29  37            5
 29  39            1
 29  41            3
 29  43            2
 29  44            4
 29  45            7
 29  46            3
 29  47           10
 29  48            4
 29  49            7
 29  50            3
 29  52            7
 29  53            5
 29  54           10
 29  55            1
 29  56            8
 29  57           10
 29  58            6
 29  59            6
 29  60            5
 29  61           10
 29  62            7
 29  63            5
 29  64            5
 29  65            5
 29  66            7
 29  67            4
 29  69            9
 29  70           10
 29  71            6
 29  72           10
 29  74            5
 29  75            3
 29  76            9
 29  78            1
 29  79            7
 29  80            8
 29  81            6
 29  82            4
 29  83            7
 29  84            7
 29  86            6
 29  87            7
 29  88            7
 29  89           10
 29  90            9
 29  92            9
 29  94           10
 29  98            5
 29 100            8
 30  31            4
 30  32            3
 30  34            2
 30  35           10
 30  36            4
 30  37            5
 30  40            6
 30  41           10
 30  42           10
 30  43           10
 30  44            5
 30  45            5
 30  46            2
 30  47            3
 30  48            2
 30  49            9
 30  51            4
 30  52            9
 30  53            6
 30  54            4
 30  55            1
 30  56            7
 30  57            5
 30  58            9
 30  59           10
 30  61            4
 30  62            3
 30  63            2
 30  64            3
 30  65            5
 30  66            6
 30  68            9
 30  69            4
 30  71            4
 30  72            6
 30  73            2
 30  74           10
 30  75            5
 30  76            5
 30  77           10
 30  78            6
 30  81            6
 30  82            2
 30  83            5
 30  84            3
 30  85            2
 30  87            8
 30  88            4
 30  89            9
 30  91            2
 30  92            4
 30  93            1
 30  94            2
 30  95            9
 30  96            4
 30  97            6
 30 100            5
 31  32            2
 31  33            9
 31  34            9
 31  35           10
 31  36            7
 31  37            2
 31  38            8
 31  39            5
 31  41            2
 31  42            6
 31  43            6
 31  44            8
 31  46            5
 31  47            1
 31  48            6
 31  49            4
 31  50           10
 31  51            7
 31  52            5
 31  54            2
 31  55            8
 31  56            6
 31  57            3
 31  59            9
 31  60            5
 31  63            2
 31  64            4
 31  65           10
 31  66            4
 31  67            4
 31  68            3
 31  69            6
 31  70            3
 31  72            9
 31  74            8
 31  75           10
 31  77            4
 31  78            1
 31  79           10
 31  81            8
 31  82            2
 31  83            8
 31  85           10
 31  86            9
 31  87            5
 31  88           10
 31  89            1
 31  90            2
 31  91            7
 31  95            5
 31  96            9
 31  97            8
 31  98            6
 31  99            1
 31 100            7
 32  33           10
 32  34            6
 32  36            6
 32  37            7
 32  38            4
 32  39            2
 32  40            4
 32  41            4
 32  42            1
 32  43            7
 32  45            3
 32  46            7
 32  48           10
 32  49            4
 32  50            4
 32  51           10
 32  52            6
 32  53            3
 32  54            7
 32  55            8
 32  56            4
 32  57            7
 32  58            7
 32  60            5
 32  61            8
 32  62           10
 32  63            7
 32  64            5
 32  65            8
 32  66            8
 32  69            2
 32  70            3
 32  71            5
 32  72            8
 32  73            8
 32  74            2
 32  75            5
 32  76           10
 32  77            3
 32  78            2
 32  79            9
 32  80            6
 32  81            5
 32  82            9
 32  84            3
 32  85            7
 32  86            5
 32  87            8
 32  88            5
 32  89            8
 32  90            1
 32  91            8
 32  92           10
 32  93            7
 32  95            8
 32  97            6
 32  98            5
 32 100            3
 33  34           10
 33  35            2
 33  36            1
 33  37           10
 33  40            5
 33  42            5
 33  43            8
 33  44            9
 33  45            6
 33  46            2
 33  47            7
 33  49            4
 33  50            8
 33  51            7
 33  53            4
 33  54            8
 33  55            9
 33  56            4
 33  57            2
 33  58            1
 33  59            2
 33  60            5
 33  62            6
 33  64            3
 33  65            1
 33  66           10
 33  68            4
 33  69            7
 33  70            3
 33  71            7
 33  72            1
 33  73            9
 33  74            7
 33  75           10
 33  78            3
 33  79           10
 33  80            5
 33  81            4
 33  82            3
 33  83            7
 33  85            9
 33  86            6
 33  87            3
 33  89            7
 33  90           10
 33  91            2
 33  92           10
 33  94            3
 33  95            6
 33  96            6
 33 100            5
 34  36           10
 34  37            6
 34  38            8
 34  39            3
 34  40            7
 34  41            2
 34  42            7
 34  43            3
 34  44            4
 34  45            8
 34  47            5
 34  49            9
 34  50            1
 34  52            8
 34  53            4
 34  54            2
 34  55            7
 34  56            3
 34  57            3
 34  58            5
 34  59            1
 34  60            8
 34  62           10
 34  65            7
 34  66            7
 34  67            2
 34  69            5
 34  70            2
 34  71            5
 34  73            9
 34  74            2
 34  75            6
 34  76            1
 34  78            9
 34  79            5
 34  80            5
 34  81            9
 34  82            9
 34  83           10
 34  84            2
 34  85            7
 34  86            1
 34  87            1
 34  88           10
 34  89            7
 34  90            3
 34  91           10
 34  92            3
 34  97            9
 34  98            6
 34 100            6
 35  36            9
 35  37           10
 35  38            8
 35  40            4
 35  42            6
 35  43            5
 35  44            2
 35  45            7
 35  46            6
 35  48            9
 35  49            7
 35  50            7
 35  51            2
 35  52            9
 35  53            9
 35  54            9
 35  55            7
 35  57            2
 35  58            4
 35  59            6
 35  60            6
 35  61            3
 35  62            1
 35  64            5
 35  66            3
 35  68            9
 35  69            9
 35  71            4
 35  73            2
 35  74            3
 35  75            9
 35  76            1
 35  78            2
 35  79            3
 35  80            4
 35  81            6
 35  82            8
 35  83           10
 35  84           10
 35  85            7
 35  86           10
 35  87            4
 35  89            7
 35  90            6
 35  91            1
 35  94            4
 35  97            5
 35  98            5
 35  99            2
 35 100            5
 36  37            9
 36  38            9
 36  39            7
 36  40            8
 36  41            8
 36  42            4
 36  43            5
 36  44            3
 36  46            3
 36  50            2
 36  51            7
 36  52            2
 36  55           10
 36  56            4
 36  57            3
 36  58           10
 36  59            7
 36  61            6
 36  65            1
 36  66            6
 36  67            7
 36  69            8
 36  70            5
 36  71            2
 36  72            1
 36  74           10
 36  75            5
 36  76           10
 36  77            1
 36  78            7
 36  81           10
 36  82            5
 36  83            9
 36  85            7
 36  86            5
 36  87            6
 36  88            8
 36  89            5
 36  90            5
 36  92            6
 36  93            5
 36  94           10
 36  95            5
 36  96            8
 36 100           10
 37  38            8
 37  39            2
 37  41            4
 37  42            7
 37  43            2
 37  44            8
 37  45            6
 37  46            3
 37  48            6
 37  49            1
 37  51            9
 37  53            5
 37  54            4
 37  55            4
 37  56            8
 37  57            5
 37  58            5
 37  59            2
 37  60            1
 37  61            1
 37  62            8
 37  63            6
 37  64            6
 37  66            8
 37  68            5
 37  69            9
 37  71           10
 37  72            4
 37  74            2
 37  75            7
 37  76            1
 37  78            6
 37  80           10
 37  81            2
 37  82            1
 37  83            1
 37  84            7
 37  85            7
 37  86            5
 37  87            8
 37  88            9
 37  91            3
 37  92            9
 37  93            1
 37  94            6
 37  95            6
 37  96            8
 37  98            4
 37  99            3
 38  39           10
 38  42            3
 38  43            6
 38  44            9
 38  45           10
 38  46            2
 38  47            2
 38  48           10
 38  49            6
 38  50            6
 38  51            7
 38  52            2
 38  54            4
 38  55            2
 38  56            1
 38  57            1
 38  58            3
 38  59            6
 38  60            4
 38  61            4
 38  62            8
 38  63            6
 38  64            4
 38  65            3
 38  66            2
 38  67            2
 38  68            7
 38  70            9
 38  71            4
 38  72            5
 38  73           10
 38  74            5
 38  75            3
 38  76            2
 38  77            3
 38  78            3
 38  79            4
 38  80            2
 38  81            8
 38  83            5
 38  84           10
 38  85            8
 38  86            3
 38  87            7
 38  88            6
 38  89           10
 38  90            3
 38  91            3
 38  92            7
 38  95            8
 38  96            8
 38  97            8
 39  40            6
 39  41            5
 39  42            5
 39  43           10
 39  44            8
 39  46            6
 39  49            9
 39  50            3
 39  51            3
 39  54            1
 39  55            5
 39  58            3
 39  59           10
 39  60            8
 39  62            3
 39  63            6
 39  64            8
 39  65            7
 39  67            4
 39  68            1
 39  69            3
 39  70            6
 39  71            7
 39  73            2
 39  74            7
 39  76            6
 39  78            2
 39  79            5
 39  80           10
 39  81            4
 39  82            8
 39  83            7
 39  84            7
 39  85            8
 39  86            8
 39  88            1
 39  89            7
 39  90            2
 39  95            2
 39  96            6
 39  98           10
 39  99            2
 40  41           10
 40  42            5
 40  43            8
 40  44            4
 40  45            4
 40  46            4
 40  47           10
 40  49            7
 40  51            5
 40  52            3
 40  53            6
 40  54           10
 40  55            1
 40  57            2
 40  58           10
 40  59            7
 40  60            4
 40  61           10
 40  62           10
 40  63            7
 40  64            6
 40  65            3
 40  66            4
 40  67            1
 40  70            9
 40  71            3
 40  72            5
 40  73            3
 40  74            4
 40  75            2
 40  77            3
 40  78            5
 40  80            6
 40  81            7
 40  83            2
 40  84            9
 40  87            7
 40  88            4
 40  89            8
 40  90            3
 40  91            8
 40  92            8
 40  94            6
 40  95            7
 40  96            5
 40  97            2
 40  98            1
 40  99            6
 40 100            6
 41  43            5
 41  44            3
 41  46            5
 41  50            9
 41  51            5
 41  52            7
 41  53            7
 41  54            7
 41  55            2
 41  57            1
 41  58            8
 41  59            8
 41  61            5
 41  62            2
 41  63            5
 41  64            7
 41  65            4
 41  66           10
 41  67            2
 41  68            1
 41  69            8
 41  70            6
 41  72            5
 41  73            5
 41  74            6
 41  77            7
 41  78            6
 41  79            6
 41  81            7
 41  82            2
 41  83            2
 41  85            1
 41  86            1
 41  87            9
 41  88            8
 41  90            2
 41  91            9
 41  93            3
 41  94            6
 41  95            7
 41  96           10
 41  97            5
 41  98            5
 42  43            3
 42  45            5
 42  46            9
 42  49           10
 42  50           10
 42  51            3
 42  52            3
 42  53            1
 42  54            7
 42  55            3
 42  56            9
 42  61           10
 42  62            2
 42  64            7
 42  65            8
 42  66            5
 42  68           10
 42  69            4
 42  70            7
 42  71            6
 42  72            9
 42  73            4
 42  74            1
 42  75            6
 42  77            4
 42  78            6
 42  79            8
 42  80            9
 42  81            6
 42  82            1
 42  84            6
 42  85            4
 42  87            4
 42  89           10
 42  90            9
 42  92            2
 42  93            8
 42  94            4
 42  96           10
 42  97            9
 42  99            8
 43  44            1
 43  45            8
 43  46            2
 43  47            5
 43  48            1
 43  49            7
 43  51           10
 43  52            1
 43  53            3
 43  54           10
 43  55            7
 43  56            7
 43  58            4
 43  59            6
 43  60            6
 43  61            3
 43  62            4
 43  64            8
 43  65            6
 43  66            9
 43  67            7
 43  68            1
 43  69            7
 43  70            4
 43  71            4
 43  72            7
 43  75            5
 43  76           10
 43  77            6
 43  78           10
 43  79            4
 43  80            7
 43  81            9
 43  82            8
 43  83            1
 43  85            1
 43  86            7
 43  87            7
 43  88            2
 43  89            4
 43  90            9
 43  91            4
 43  92            3
 43  93            8
 43  94            4
 43  95            6
 43  96            9
 43  97            9
 43  98            5
 43 100            9
 44  45            1
 44  46            1
 44  48            1
 44  50            7
 44  52            7
 44  53            4
 44  54            6
 44  55            6
 44  57           10
 44  58           10
 44  59            6
 44  60            5
 44  61            7
 44  62            8
 44  63            5
 44  65            4
 44  66            6
 44  67            7
 44  68            7
 44  70           10
 44  71            5
 44  72            1
 44  73            8
 44  75            8
 44  76            3
 44  78            9
 44  79            9
 44  80            4
 44  81            4
 44  82            6
 44  84            5
 44  85            1
 44  88            9
 44  89            9
 44  90            5
 44  91            3
 44  92            3
 44  93            6
 44  95            5
 44  96           10
 44  97            3
 44  99            3
 44 100            9
 45  46           10
 45  47            5
 45  48            2
 45  52            6
 45  53            9
 45  54            4
 45  56            1
 45  57            9
 45  58            6
 45  59            8
 45  60            5
 45  61            9
 45  62            3
 45  63            5
 45  65            5
 45  66            2
 45  68            5
 45  69            5
 45  71            9
 45  72           10
 45  74            2
 45  75            4
 45  76            7
 45  77            4
 45  78            5
 45  79            1
 45  80            7
 45  81            5
 45  82            9
 45  83            6
 45  84            5
 45  85            4
 45  86            7
 45  87            8
 45  88            8
 45  89            9
 45  90           10
 45  91            6
 45  93            2
 45  94            9
 45  96            4
 45  97            7
 45 100            6
 46  47            6
 46  48            4
 46  49            2
 46  50            7
 46  51            5
 46  52            6
 46  54            5
 46  55            8
 46  56            8
 46  57            1
 46  58            8
 46  59            6
 46  61            1
 46  62            7
 46  63            7
 46  64            7
 46  65            3
 46  66            8
 46  67            1
 46  68            6
 46  69            6
 46  70            1
 46  71            4
 46  72            8
 46  73            1
 46  74            1
 46  75            2
 46  76            3
 46  77            2
 46  78            6
 46  79            4
 46  80            5
 46  81            8
 46  82            5
 46  83            7
 46  84            9
 46  85           10
 46  86            6
 46  87            5
 46  88            6
 46  90            9
 46  91            5
 46  92            8
 46  93            4
 46  94           10
 46  95            7
 46  96            9
 46  97            8
 46  98            6
 46  99            9
 46 100            6
 47  48            1
 47  50            9
 47  51           10
 47  53            6
 47  54            9
 47  55            3
 47  56            1
 47  57            3
 47  58           10
 47  59            1
 47  60            2
 47  61            7
 47  62            8
 47  63            9
 47  64            1
 47  65            5
 47  66            1
 47  67            6
 47  68            6
 47  69            2
 47  70            7
 47  71            2
 47  72            9
 47  73            8
 47  74            3
 47  75            2
 47  76            4
 47  77            5
 47  79            1
 47  80            6
 47  81            4
 47  82            8
 47  85            2
 47  86            1
 47  87            9
 47  88            2
 47  89            1
 47  90            9
 47  91            8
 47  92            4
 47  93            5
 47  94            5
 47  95            3
 47  96            6
 47  97            5
 47  98            4
 47 100            2
 48  49            2
 48  51            4
 48  52            9
 48  53            3
 48  55            1
 48  56            3
 48  57            5
 48  58            2
 48  59            4
 48  60            3
 48  61            9
 48  62            6
 48  63            5
 48  64            6
 48  65            7
 48  66            7
 48  67            4
 48  68            5
 48  69            1
 48  70            5
 48  71           10
 48  72            8
 48  73            1
 48  74            6
 48  75            6
 48  76           10
 48  77            8
 48  78            7
 48  79            2
 48  80            9
 48  81            2
 48  82            9
 48  84            3
 48  85            7
 48  86            6
 48  87           10
 48  89            8
 48  91            2
 48  92            8
 48  93            9
 48  94            8
 48  96            1
 48  97            5
 48  98            7
 48  99            2
 48 100            3
 49  50            4
 49  51            2
 49  52            5
 49  53            2
 49  54            1
 49  55            3
 49  56            3
 49  57            9
 49  58            9
 49  61            9
 49  62            2
 49  63            8
 49  64            5
 49  65            9
 49  66            9
 49  67            7
 49  68            1
 49  69           10
 49  70            1
 49  71            9
 49  72            9
 49  73            2
 49  74            7
 49  75            3
 49  76            4
 49  77            5
 49  78           10
 49  79            8
 49  81            1
 49  82            6
 49  83            7
 49  85            6
 49  88            9
 49  90            8
 49  91            5
 49  92            7
 49  93            3
 49  94            2
 49  95            9
 49  96            2
 49  97            2
 49  98            3
 49  99            2
 49 100            8
 50  51            8
 50  52            3
 50  53            6
 50  54            7
 50  55            2
 50  56            6
 50  57            8
 50  58            6
 50  59            4
 50  60            8
 50  61            2
 50  62            5
 50  64            2
 50  65            5
 50  66            3
 50  67            1
 50  68            4
 50  69            7
 50  70            3
 50  71            8
 50  72            8
 50  73            9
 50  75            5
 50  76            4
 50  77            7
 50  78            3
 50  79            8
 50  80            9
 50  82            4
 50  85            8
 50  86           10
 50  87            3
 50  88            6
 50  89            3
 50  91            2
 50  92           10
 50  93            6
 50  94            4
 50  95            8
 50  96            5
 50  98            4
 51  52            1
 51  53            2
 51  54           10
 51  55            3
 51  56            9
 51  57            6
 51  58            8
 51  59            8
 51  60            1
 51  61            4
 51  62            5
 51  63            2
 51  64            6
 51  65           10
 51  66            5
 51  67            5
 51  68            1
 51  69            5
 51  70            7
 51  71            6
 51  72            8
 51  73            4
 51  74            6
 51  75            2
 51  76            7
 51  77            9
 51  78            8
 51  79            4
 51  80            3
 51  81            1
 51  82            5
 51  83            2
 51  84            2
 51  85            6
 51  86            2
 51  88            2
 51  89            3
 51  90            5
 51  92            2
 51  93            7
 51  94            6
 51  95            8
 51  96            2
 51  97            5
 51  98            7
 51  99            1
 52  53            3
 52  54            3
 52  55           10
 52  56            3
 52  57            8
 52  58            4
 52  59            6
 52  60            6
 52  61            3
 52  62           10
 52  64            3
 52  65            6
 52  66            7
 52  67            4
 52  69           10
 52  70            5
 52  71            8
 52  72           10
 52  73            1
 52  75            8
 52  76           10
 52  77            1
 52  78            1
 52  79            4
 52  80            7
 52  81            1
 52  82            7
 52  83           10
 52  84            7
 52  85            9
 52  86            9
 52  87            1
 52  88            4
 52  89           10
 52  90            5
 52  91            4
 52  92            7
 52  93            5
 52  95            3
 52  96            9
 52  98            1
 52  99            6
 52 100            9
 53  54            1
 53  55            3
 53  56            7
 53  57            3
 53  59            3
 53  61            7
 53  62            3
 53  63            6
 53  64            1
 53  65            1
 53  66           10
 53  68            6
 53  69            6
 53  70            1
 53  71            9
 53  72            1
 53  73            4
 53  74            9
 53  75            1
 53  76            5
 53  77            5
 53  78            6
 53  79            3
 53  80            7
 53  81            1
 53  82            5
 53  83            2
 53  85            7
 53  87            1
 53  88            9
 53  89            3
 53  90           10
 53  91            6
 53  92            4
 53  93            8
 53  94            4
 53  95            5
 53  96            5
 53  98            8
 53  99            8
 53 100            1
 54  55            5
 54  57            6
 54  58            6
 54  59            4
 54  60            5
 54  61            7
 54  62            1
 54  63            8
 54  64            5
 54  65            4
 54  66            5
 54  67            8
 54  68            1
 54  70            5
 54  71            5
 54  72            7
 54  73            8
 54  74            9
 54  75            5
 54  76            7
 54  77            4
 54  78           10
 54  79            4
 54  80            7
 54  82            1
 54  84            4
 54  85            7
 54  87            9
 54  88            7
 54  89            2
 54  90            8
 54  91           10
 54  93            6
 54  94            4
 54  95            9
 54  97            6
 54  98            7
 54  99            4
 54 100            5
 55  56            2
 55  57            1
 55  59            4
 55  60            8
 55  61            9
 55  62            9
 55  63            4
 55  64            1
 55  65           10
 55  66            6
 55  68            1
 55  69            1
 55  70            6
 55  71            9
 55  72            4
 55  73            9
 55  75            1
 55  76            6
 55  79            5
 55  80            8
 55  81            9
 55  82            6
 55  83            8
 55  84            4
 55  86            4
 55  88            7
 55  89            9
 55  90            3
 55  91            3
 55  92            6
 55  93            1
 55  94            8
 55  95            4
 55  98            7
 55  99            3
 55 100            9
 56  58            3
 56  59            2
 56  60            4
 56  61            1
 56  63            7
 56  64            9
 56  65           10
 56  66            8
 56  68            4
 56  69            7
 56  70            5
 56  72            3
 56  73            9
 56  74            9
 56  75            6
 56  76            3
 56  77            8
 56  78            9
 56  79            6
 56  81            9
 56  82            1
 56  83            9
 56  84            6
 56  85            9
 56  86            1
 56  87           10
 56  88            9
 56  89            8
 56  90            3
 56  91            6
 56  92            2
 56  93            9
 56  95            9
 56  96            6
 56  97            5
 56  98            3
 56  99            2
 57  58            8
 57  59            6
 57  60            9
 57  61            1
 57  62            2
 57  63            9
 57  65            4
 57  66            6
 57  67           10
 57  69            9
 57  70            2
 57  71            8
 57  72            6
 57  73            3
 57  75            7
 57  76            7
 57  77            4
 57  78            6
 57  79            6
 57  80            5
 57  81           10
 57  82            3
 57  83            2
 57  84           10
 57  85            1
 57  86           10
 57  88            5
 57  89            7
 57  90            3
 57  91            3
 57  92            8
 57  94            9
 57  95            1
 57  97            2
 57  99            2
 57 100            7
 58  59           10
 58  60            9
 58  62            2
 58  63            4
 58  64            9
 58  65            2
 58  66            4
 58  67            6
 58  69            3
 58  70            8
 58  71            6
 58  73            4
 58  74            1
 58  75            1
 58  76            7
 58  77            2
 58  78            3
 58  79            6
 58  80           10
 58  81            2
 58  82           10
 58  85            9
 58  86            2
 58  87            6
 58  89            8
 58  90           10
 58  91            5
 58  92           10
 58  93            2
 58  94            4
 58  95           10
 58  96            6
 58  97            5
 58  98            2
 58  99            2
 58 100            4
 59  60            4
 59  61            7
 59  63            2
 59  65            1
 59  66            5
 59  67            3
 59  68            6
 59  69            3
 59  71            3
 59  72            4
 59  73            7
 59  74            4
 59  75            4
 59  76            5
 59  77           10
 59  78            9
 59  79            6
 59  80            1
 59  81            2
 59  82            6
 59  83            6
 59  84            3
 59  85            8
 59  87            9
 59  88            8
 59  89            2
 59  90            2
 59  91            2
 59  93            2
 59  94            4
 59  95            1
 59  96            9
 59  97            9
 59  98            9
 59  99            1
 59 100            6
 60  61            5
 60  63            1
 60  64            6
 60  65           10
 60  66            4
 60  67            7
 60  69            4
 60  70           10
 60  72            9
 60  73            8
 60  74            2
 60  75            9
 60  77            9
 60  78            8
 60  80            6
 60  81            2
 60  82           10
 60  83            7
 60  85            8
 60  86            9
 60  88            9
 60  89            2
 60  90            9
 60  91            3
 60  92            1
 60  93           10
 60  94            3
 60  95            1
 60  96            2
 60  97            7
 60  98            9
 60  99            1
 60 100            8
 61  62            1
 61  63            5
 61  64            3
 61  65            2
 61  66            4
 61  67            4
 61  68            6
 61  69            2
 61  70            9
 61  71            2
 61  72            5
 61  73            2
 61  74           10
 61  75            3
 61  78            7
 61  79            3
 61  80            4
 61  81            4
 61  82            2
 61  83            4
 61  84            2
 61  85            9
 61  86            6
 61  87            9
 61  89            7
 61  90            1
 61  91            6
 61  92            6
 61  93            1
 61  94           10
 61  95            6
 61  96            4
 61  97           10
 61  98            1
 61  99            4
 62  64            7
 62  65            1
 62  66           10
 62  67            4
 62  68            8
 62  69            7
 62  70            5
 62  71            8
 62  72            7
 62  73            4
 62  74            7
 62  76            1
 62  77            7
 62  79            2
 62  81            1
 62  82            2
 62  83           10
 62  84            5
 62  85            6
 62  86           10
 62  88            5
 62  89            1
 62  91            1
 62  92            2
 62  93            4
 62  94            8
 62  96           10
 62  97            6
 62  98           10
 62  99            9
 62 100            6
 63  64            2
 63  65           10
 63  66            8
 63  68            1
 63  69            8
 63  70            1
 63  71            6
 63  72            5
 63  73            7
 63  74            1
 63  75            3
 63  76            7
 63  77            7
 63  78            6
 63  79            8
 63  80            4
 63  81            3
 63  82            8
 63  83            4
 63  84            7
 63  85            4
 63  86            1
 63  87            4
 63  88            7
 63  89            2
 63  90            9
 63  91            3
 63  93            1
 63  94            3
 63  95            2
 63  96           10
 63  97            5
 63  99            5
 63 100            1
 64  65            4
 64  67            4
 64  68           10
 64  69            8
 64  70            7
 64  72            3
 64  73            5
 64  74            4
 64  75            7
 64  78            5
 64  79            2
 64  81           10
 64  82            2
 64  83            9
 64  84            5
 64  85            3
 64  86            6
 64  87            3
 64  88            4
 64  89           10
 64  90            2
 64  92            1
 64  93            4
 64  94            7
 64  95            9
 64  96            3
 64  97            7
 64  98            3
 64  99            5
 64 100            9
 65  66            5
 65  67            7
 65  68            8
 65  69            7
 65  70            9
 65  71            6
 65  72           10
 65  74            4
 65  76            4
 65  77            9
 65  78           10
 65  79            3
 65  81            1
 65  82            2
 65  83            7
 65  84            9
 65  85            9
 65  86            9
 65  88            5
 65  89            5
 65  90            5
 65  91            3
 65  92            4
 65  93            4
 65  94            2
 65  95           10
 65  96            9
 65  97            8
 65  98            6
 65  99            9
 65 100            1
 66  67            5
 66  68            5
 66  69            4
 66  70            9
 66  71            1
 66  72            4
 66  73            1
 66  74            5
 66  75            3
 66  76           10
 66  78           10
 66  79            8
 66  80            7
 66  82           10
 66  83            9
 66  84            7
 66  85            2
 66  86            4
 66  87            9
 66  88            4
 66  89            6
 66  90            2
 66  91            1
 66  92            7
 66  93            4
 66  94            7
 66  97            1
 66 100            9
 67  68            3
 67  71            5
 67  72            5
 67  74            1
 67  75            5
 67  76            7
 67  77            8
 67  78            5
 67  79            1
 67  80           10
 67  81            5
 67  82            1
 67  83            1
 67  84           10
 67  85            3
 67  86            6
 67  87            3
 67  88            1
 67  89            1
 67  90            7
 67  91            9
 67  93           10
 67  94            8
 67  95            9
 67  96           10
 67  97            7
 67  98            3
 67  99           10
 67 100            5
 68  69            3
 68  70           10
 68  71            7
 68  72            5
 68  74            7
 68  75            8
 68  76            2
 68  78            8
 68  79            1
 68  80            8
 68  81            7
 68  82            4
 68  83            6
 68  85            3
 68  86           10
 68  88            4
 68  89            6
 68  90            3
 68  91            3
 68  92           10
 68  93            5
 68  94            4
 68  95            2
 68  96            3
 68  97            8
 68  98            3
 68  99            5
 68 100            2
 69  71           10
 69  72            1
 69  73            7
 69  74            5
 69  76            4
 69  77            7
 69  78            2
 69  79            9
 69  80            2
 69  81            7
 69  82            6
 69  83           10
 69  85            5
 69  86            7
 69  87            9
 69  88            5
 69  89            8
 69  90            6
 69  94            4
 69  95            1
 69  97           10
 69  98            7
 69  99            8
 69 100            9
 70  72            6
 70  73            9
 70  74            5
 70  75            6
 70  76            2
 70  77            9
 70  78            5
 70  79            2
 70  80            3
 70  81            7
 70  82            9
 70  83           10
 70  84            9
 70  86            5
 70  88           10
 70  89            5
 70  91            6
 70  92            9
 70  93            1
 70  94            9
 70  95            6
 70  96            3
 70  97            8
 70  98            4
 70  99            7
 70 100            4
 71  73            8
 71  74            1
 71  75            5
 71  76            8
 71  77            4
 71  78            3
 71  80            7
 71  81            8
 71  82            2
 71  83            9
 71  85            3
 71  86            8
 71  88            3
 71  89            2
 71  90            6
 71  91            4
 71  92            5
 71  93            5
 71  94            4
 71  95            3
 71  96            6
 71  97           10
 71  98            2
 71  99            2
 71 100            4
 72  73           10
 72  75            2
 72  76            6
 72  77            2
 72  79            3
 72  80            5
 72  81            7
 72  82            4
 72  83            5
 72  84            4
 72  85            8
 72  86            1
 72  87            8
 72  90            1
 72  91            2
 72  92            5
 72  93            7
 72  94            7
 72  95            4
 72  96            1
 72  97            6
 72  98            6
 73  74            1
 73  78            7
 73  79           10
 73  80            1
 73  81            1
 73  82            5
 73  83            4
 73  84            2
 73  85            3
 73  86            3
 73  87            7
 73  88            7
 73  89            3
 73  91            8
 73  93            7
 73  94            8
 73  95            9
 73  96            1
 73  97           10
 73  98            3
 73  99            5
 73 100            3
 74  75           10
 74  76            2
 74  77            4
 74  78            4
 74  79           10
 74  80            8
 74  82            5
 74  83            8
 74  84           10
 74  85            9
 74  86            1
 74  87            3
 74  88            6
 74  89            7
 74  90            1
 74  91            1
 74  92            7
 74  93            2
 74  96            2
 74  97            6
 74  98            3
 74  99            4
 74 100            7
 75  76            9
 75  77            9
 75  78            2
 75  79            7
 75  81           10
 75  82            3
 75  83            1
 75  84            1
 75  85            5
 75  87            3
 75  88            7
 75  89            9
 75  90           10
 75  93            4
 75  94            7
 75  95            1
 75  96            8
 75  97            1
 75  98            8
 75  99            9
 75 100            7
 76  77            5
 76  78            3
 76  79            5
 76  80            9
 76  81            3
 76  83            2
 76  85            7
 76  86            5
 76  87            1
 76  88            3
 76  89            9
 76  90            5
 76  91            9
 76  92            5
 76  93            3
 76  94           10
 76  95            4
 76  96            6
 76  97            6
 76  99            7
 76 100           10
 77  78           10
 77  79            9
 77  80            4
 77  81            8
 77  82            5
 77  83            1
 77  84            8
 77  86            4
 77  87            4
 77  89            4
 77  90            5
 77  92           10
 77  93            1
 77  94            2
 77  95            6
 77  97            2
 77  98            6
 77  99            6
 77 100            8
 78  79            9
 78  80            9
 78  81            8
 78  82            6
 78  83           10
 78  84            8
 78  85           10
 78  86            3
 78  87            2
 78  88            6
 78  89            6
 78  90            5
 78  91            6
 78  93            3
 78  94            5
 78  95            9
 78  96            6
 78  98            5
 78 100            1
 79  80            7
 79  81            9
 79  82            8
 79  83            6
 79  85            7
 79  86           10
 79  87            9
 79  88            4
 79  89            3
 79  90            6
 79  91            3
 79  92            3
 79  93            8
 79  94            1
 79  96            2
 79  97            2
 79  99            9
 79 100            2
 80  82            7
 80  83            6
 80  84            2
 80  85            1
 80  86            8
 80  87            3
 80  91            3
 80  92            8
 80  93            9
 80  94            8
 80  95           10
 80  97            3
 80  98            2
 80  99            8
 80 100            6
 81  82            8
 81  83            8
 81  84            3
 81  85            6
 81  86            6
 81  87            5
 81  88            6
 81  89            3
 81  90            1
 81  91            4
 81  94            9
 81  95            8
 81  96            3
 81  97            9
 81  98            4
 81 100            7
 82  83            8
 82  84            9
 82  85            6
 82  86            7
 82  87            6
 82  88           10
 82  90            8
 82  91            5
 82  92            3
 82  93            4
 82  94            8
 82  95            1
 82  96            9
 82  97            8
 82  98            4
 82  99           10
 82 100            7
 83  85            7
 83  86            1
 83  87            6
 83  89            6
 83  90            1
 83  91            5
 83  92            3
 83  93            5
 83  95            5
 83  96            2
 83  97            9
 83  98           10
 83  99            3
 83 100            7
 84  85            7
 84  86            1
 84  87            5
 84  88            4
 84  90            2
 84  91            6
 84  92           10
 84  94            1
 84  95            8
 84  96            9
 84  97            8
 84  98            3
 84  99            2
 85  86           10
 85  87            6
 85  88           10
 85  89            3
 85  91            7
 85  92            1
 85  93            4
 85  94            5
 85  95            6
 85  96            4
 85  97            1
 85  99            6
 85 100            6
 86  87            8
 86  89            4
 86  90           10
 86  91            9
 86  93            3
 86  94            7
 86  95            6
 86  96            3
 86  97           10
 86  98            6
 86  99            5
 86 100           10
 87  88            1
 87  89            4
 87  90            3
 87  91            3
 87  92            5
 87  93            9
 87  94           10
 87  95            3
 87  96            6
 87  97            2
 87  98            2
 87  99            7
 87 100            6
 88  89            7
 88  90            1
 88  91            3
 88  92            9
 88  93            1
 88  94            5
 88  95            6
 88  96            8
 88  98            9
 88  99            9
 88 100            9
 89  90            5
 89  91            7
 89  93            8
 89  94            9
 89  95           10
 89  96            2
 89  97            4
 89  98            2
 89  99            6
 89 100            8
 90  91            5
 90  92            1
 90  93           10
 90  94            7
 90  95            1
 90  96            8
 90  97            3
 90  98           10
 90  99            3
 90 100            5
 91  92            4
 91  93            6
 91  94            9
 91  95            9
 91  96           10
 91  97           10
 91  98            7
 91  99            7
 91 100            5
 92  93           10
 92  94            1
 92  95            6
 92  98            1
 92  99            9
 92 100            4
 93  94            5
 93  95            6
 93  96            4
 93  97            3
 93  99            8
 94  96            4
 94  97           10
 94  99            6
 94 100            2
 95  96            2
 95  97            6
 95  98            2
 95  99            7
 95 100            6
 96  99            3
 96 100            2
 97  98            1
 98 100           10
 99 100            5
